info	GenerationTime	ExecutionTime	NumVariables	NumClauses	DimensionFormula	PlanTime	NumRoles(Before)	NumRoles(After)	NumZeros(Before)	NumZeros(After)	ResultCompliance
exc_0_w_0.0	4331.92	5309.74	19170095	189149959	5334950688	0	True
exc_1_w_0.0	5169.95	6307.84	19170095	189149959	5334950107	0	True
exc_2_w_0.0	4077.42	6769.61	19170095	189149959	5334949108	0	True
exc_3_w_0.0	3820.4	4812.37	19170095	189149959	5334950688	0	True
exc_4_w_0.0	3855.85	4812.28	19170095	189149959	5334950688	0	True
exc_5_w_0.0	3929.4	4893.35	19170095	189149959	5334950688	0	True
exc_6_w_0.0	3847.34	4862.95	19170095	189149959	5334950107	0	True
exc_7_w_0.0	3999.35	5109.32	19170095	189149959	5334950688	0	True
exc_8_w_0.0	3774.49	4718.97	19170095	189149959	5334950688	0	True
exc_9_w_0.0	3823.13	4760.8	19170095	189149959	5334950107	0	True
exc_10_w_0.0	3827.09	4778.47	19170095	189149959	5334950688	0	True
exc_11_w_0.0	3845.41	4815.54	19170095	189149959	5334950688	0	True
exc_12_w_0.0	3827.73	4756.67	19170095	189149959	5334950107	0	True
exc_13_w_0.0	3844.19	4813.24	19170095	189149959	5334950688	0	True
exc_14_w_0.0	3863.25	4813.76	19170095	189149959	5334950107	0	True
exc_15_w_0.0	3847.22	4812.94	19170095	189149959	5334950688	0	True
exc_16_w_0.0	3833.23	4803.43	19170095	189149959	5334950688	0	True
exc_17_w_0.0	3849.92	4797.54	19170095	189149959	5334950107	0	True
exc_18_w_0.0	3833.2	4805.23	19170095	189149959	5334950688	0	True
exc_19_w_0.0	3803.06	4782.58	19170095	189149959	5334950688	0	True
exc_20_w_0.0	3783.08	4723.79	19170095	189149959	5334950107	0	True
exc_21_w_0.0	3759.15	4686.08	19170095	189149959	5334950107	0	True
exc_22_w_0.0	3806.31	4775.25	19170095	189149959	5334950688	0	True
exc_23_w_0.0	3763.29	4781.9	19170095	189149959	5334950688	0	True
exc_24_w_0.0	3883.18	4881.59	19170095	189149959	5334950688	0	True
exc_25_w_0.0	3833.77	4826.7	19170095	189149959	5334950688	0	True
exc_26_w_0.0	3777.25	4749.57	19170095	189149959	5334950688	0	True
exc_27_w_0.0	3799.09	4770.21	19170095	189149959	5334950688	0	True
exc_28_w_0.0	3782.36	4767.11	19170095	189149959	5334950688	0	True
exc_29_w_0.0	3784.23	4829.23	19170095	189149959	5334950688	0	True
exc_30_w_0.0	3782.97	4814.15	19170095	189149959	5334950688	0	True
exc_31_w_0.0	3785.12	4773.17	19170095	189149959	5334950107	0	True
exc_0_w_0.05	3793.66	22170.1	19170095	189149959	5334327855	False
exc_1_w_0.05	3779.03	21808.8	19170095	189149959	5334327274	False
exc_2_w_0.05	3772.58	21596.61	19170095	189149959	5334326275	False
exc_3_w_0.05	3782.95	22149.77	19170095	189149959	5334327855	False
exc_4_w_0.05	3791.24	21451.81	19170095	189149959	5334327855	False
exc_5_w_0.05	3754.1	22102.51	19170095	189149959	5334327855	False
exc_6_w_0.05	3683.65	21150.73	19170095	189149959	5334327274	False
exc_7_w_0.05	3537.02	21236.95	19170095	189149959	5334327855	False
exc_8_w_0.05	3620.63	21997.87	19170095	189149959	5334327855	False
exc_9_w_0.05	3723.35	21771.95	19170095	189149959	5334327274	False
exc_10_w_0.05	3628.0	21940.73	19170095	189149959	5334327855	False
exc_11_w_0.05	3788.56	22176.17	19170095	189149959	5334327855	False
exc_12_w_0.05	3803.72	22229.17	19170095	189149959	5334327274	False
exc_13_w_0.05	3785.44	22197.14	19170095	189149959	5334327855	False
exc_14_w_0.05	3786.09	22185.48	19170095	189149959	5334327274	False
exc_15_w_0.05	3811.46	22176.26	19170095	189149959	5334327855	False
exc_16_w_0.05	3793.0	22162.28	19170095	189149959	5334327855	False
exc_17_w_0.05	3782.66	22147.04	19170095	189149959	5334327274	False
exc_18_w_0.05	3768.17	22135.45	19170095	189149959	5334327855	False
exc_19_w_0.05	3757.18	22119.04	19170095	189149959	5334327855	False
exc_20_w_0.05	3764.43	22126.89	19170095	189149959	5334327274	False
exc_21_w_0.05	3766.16	22123.25	19170095	189149959	5334327274	False
exc_22_w_0.05	3766.46	22129.92	19170095	189149959	5334327855	False
exc_23_w_0.05	3765.64	22125.84	19170095	189149959	5334327855	False
exc_24_w_0.05	3765.74	22132.05	19170095	189149959	5334327855	False
exc_25_w_0.05	3766.48	22139.91	19170095	189149959	5334327855	False
exc_26_w_0.05	3769.77	22139.2	19170095	189149959	5334327855	False
exc_27_w_0.05	3771.72	22222.84	19170095	189149959	5334327855	False
exc_28_w_0.05	3778.65	22147.45	19170095	189149959	5334327855	False
exc_29_w_0.05	3779.27	22129.8	19170095	189149959	5334327855	False
exc_30_w_0.05	3790.13	22157.52	19170095	189149959	5334327855	False
exc_31_w_0.05	3801.16	22172.51	19170095	189149959	5334327274	False
exc_0_w_0.1	3752.03	22118.46	19170095	189149959	5334951850	False
exc_1_w_0.1	3771.13	22140.89	19170095	189149959	5334951269	False
exc_2_w_0.1	3796.63	22147.69	19170095	189149959	5334950270	False
exc_3_w_0.1	3787.96	22155.54	19170095	189149959	5334951850	False
exc_4_w_0.1	3776.91	22140.2	19170095	189149959	5334951850	False
exc_5_w_0.1	3776.81	22141.25	19170095	189149959	5334951850	False
exc_6_w_0.1	3776.35	22146.63	19170095	189149959	5334951269	False
exc_7_w_0.1	3782.96	22146.25	19170095	189149959	5334951850	False
exc_8_w_0.1	3770.47	22123.48	19170095	189149959	5334951850	False
exc_9_w_0.1	3764.83	22135.83	19170095	189149959	5334951269	False
exc_10_w_0.1	3767.16	22134.46	19170095	189149959	5334951850	False
exc_11_w_0.1	3772.68	22135.71	19170095	189149959	5334951850	False
exc_12_w_0.1	3774.52	22125.09	19170095	189149959	5334951269	False
exc_13_w_0.1	3758.42	22125.53	19170095	189149959	5334951850	False
exc_14_w_0.1	3766.34	22121.37	19170095	189149959	5334951269	False
exc_15_w_0.1	3850.56	22219.43	19170095	189149959	5334951850	False
exc_16_w_0.1	3779.62	22468.69	19170095	189149959	5334951850	False
exc_17_w_0.1	3800.89	22191.43	19170095	189149959	5334951269	False
exc_18_w_0.1	3777.99	22374.74	19170095	189149959	5334951850	False
exc_19_w_0.1	3779.59	22217.08	19170095	189149959	5334951850	False
exc_20_w_0.1	3793.76	20430.66	19170095	189149959	5334951269	False
exc_21_w_0.1	4433.76	26518.16	19170095	189149959	5334951269	False
exc_22_w_0.1	4635.64	26635.03	19170095	189149959	5334951850	False
exc_23_w_0.1	4546.32	26533.74	19170095	189149959	5334951850	False
exc_24_w_0.1	4548.85	26541.82	19170095	189149959	5334951850	False
exc_25_w_0.1	4554.15	26552.12	19170095	189149959	5334951850	False
exc_26_w_0.1	4554.42	26534.17	19170095	189149959	5334951850	False
exc_27_w_0.1	4538.46	26975.41	19170095	189149959	5334951850	False
exc_28_w_0.1	4552.81	26525.59	19170095	189149959	5334951850	False
exc_29_w_0.1	4527.82	26511.64	19170095	189149959	5334951850	False
exc_30_w_0.1	4560.34	26532.11	19170095	189149959	5334951850	False
exc_31_w_0.1	4543.7	26516.94	19170095	189149959	5334951269	False
exc_0_w_0.15	4543.19	26519.39	19170095	189149959	5334951850	False
exc_1_w_0.15	4556.54	26523.81	19170095	189149959	5334951269	False
exc_2_w_0.15	4632.75	26737.02	19170095	189149959	5334950270	False
exc_3_w_0.15	4640.66	27242.04	19170095	189149959	5334951850	False
exc_4_w_0.15	4583.94	26996.99	19170095	189149959	5334951850	False
