info	GenerationTime	ExecutionTime	NumVariables	NumClauses	DimensionFormula	PlanTime	NumRoles(Before)	NumRoles(After)	NumZeros(Before)	NumZeros(After)	ResultCompliance
exc_0_w_0.0	9.3900000006	14.3500000006	73656	1473248	33288440	0	True
exc_1_w_0.0	10.4400000004	15.1299999999	73656	1473248	33288440	0	True
exc_2_w_0.0	10.5900000008	15.6700000009	73656	1473248	33288440	0	True
exc_3_w_0.0	10.3400000008	15.04	73656	1473248	33288440	0	True
exc_4_w_0.0	9.74000000022	15.4099999992	73656	1473248	33288440	0	True
exc_5_w_0.0	9.6799999997	15.04	73656	1473248	33288440	0	True
exc_6_w_0.0	11.0	15.6299999999	73656	1473248	33288440	0	True
exc_7_w_0.0	9.84999999963	14.5999999996	73656	1473248	33288440	0	True
exc_8_w_0.0	10.3999999994	15.3399999999	73656	1473248	33288440	0	True
exc_9_w_0.0	11.3399999999	16.9100000001	73656	1473248	33288440	0	True
exc_10_w_0.0	9.68999999948	14.5800000001	73656	1473248	33288440	0	True
exc_11_w_0.0	10.3899999997	15.0200000005	73656	1473248	33288440	0	True
exc_12_w_0.0	10.8100000005	15.6500000004	73656	1473248	33288440	0	True
exc_13_w_0.0	9.58000000007	14.2999999998	73656	1473248	33288440	0	True
exc_14_w_0.0	9.91000000015	15.4400000004	73656	1473248	33288440	0	True
exc_15_w_0.0	9.63999999966	15.4500000002	73656	1473248	33288440	0	True
exc_16_w_0.0	10.2400000002	15.1100000003	73656	1473248	33288440	0	True
exc_17_w_0.0	9.78000000026	14.6299999999	73656	1473248	33288368	0	True
exc_18_w_0.0	7.38999999966	12.0799999991	73656	1473248	33288440	0	True
exc_0_w_0.05	10.9400000004	36.6900000004	73656	1473248	33266263	0	True
exc_1_w_0.05	10.0	36.4900000002	73656	1473248	33266263	0	True
exc_2_w_0.05	9.54999999981	35.8599999994	73656	1473248	33266263	0	True
exc_3_w_0.05	10.7399999993	63.0800000001	73656	1473248	33266263	0	True
exc_4_w_0.05	9.58999999985	35.75	73656	1473248	33266263	0	True
exc_5_w_0.05	10.9000000004	34.75	73656	1473248	33266263	0	True
exc_6_w_0.05	10.3500000006	28.0099999998	73656	1473248	33266263	0	True
exc_7_w_0.05	10.7599999998	33.5300000003	73656	1473248	33266263	0	True
exc_8_w_0.05	9.84999999963	37.3399999999	73656	1473248	33266263	0	True
exc_9_w_0.05	10.1999999993	45.9099999992	73656	1473248	33266263	0	True
exc_10_w_0.05	9.84999999963	51.5200000005	73656	1473248	33266263	0	True
exc_11_w_0.05	9.81999999937	39.8399999989	73656	1473248	33266263	0	True
exc_12_w_0.05	10.4500000002	37.2400000002	73656	1473248	33266263	0	True
exc_13_w_0.05	10.0199999996	41.3099999996	73656	1473248	33266263	0	True
exc_14_w_0.05	10.5599999996	35.1299999999	73656	1473248	33266263	0	True
exc_15_w_0.05	9.76000000071	42.8500000006	73656	1473248	33266263	0	True
exc_16_w_0.05	10.29	33.2999999998	73656	1473248	33266263	0	True
exc_17_w_0.05	9.77999999933	36.7799999993	73656	1473248	33266191	0	True
exc_18_w_0.05	9.84999999963	37.7400000002	73656	1473248	33266263	0	True
exc_0_w_0.1	10.1200000001	39644.23	73656	1473248	33288584	False
exc_1_w_0.1	10.3399999999	39914.81	73656	1473248	33288584	False
exc_2_w_0.1	10.6800000006	41759.25	73656	1473248	33288584	False
exc_3_w_0.1	11.8800000008	45096.04	73656	1473248	33288584	False
exc_4_w_0.1	11.25	44245.1	73656	1473248	33288584	False
exc_5_w_0.1	12.7400000002	43444.59	73656	1473248	33288584	False
exc_6_w_0.1	10.5099999998	39261.75	73656	1473248	33288584	False
exc_7_w_0.1	9.9299999997	39972.93	73656	1473248	33288584	False
exc_8_w_0.1	10.9699999997	40086.0	73656	1473248	33288584	False
exc_9_w_0.1	11.1900000004	39992.62	73656	1473248	33288584	False
