info	GenerationTime	ExecutionTime	PlanTime	NumRoles(Before)	NumRoles(After)	NumAss(Before)	NumAss(After)	numUsers	NumPermessi	numAssUPA	numAssUA	numAssPA	opt	sim	ResultCompliance
exc_0_beta_0.0	0.0399999998044	1.5299999998	0	13	14	65	68	11	11	26	36	32	-0.670886075949	0.982142857143	True
exc_1_beta_0.0	0.0500000000466	0.0600000000559	0	13	14	65	67	11	11	26	36	31	-0.664556962025	1.0	True
exc_2_beta_0.0	0.0300000000279	0.0500000000466	0	13	14	65	67	11	11	26	36	31	-0.664556962025	1.0	True
exc_3_beta_0.0	0.0600000000559	0.0700000000652	0	13	14	65	67	11	11	26	36	31	-0.664556962025	0.982142857143	True
exc_4_beta_0.0	0.0300000000279	0.0700000000652	0	13	14	65	68	11	11	26	37	31	-0.670886075949	1.0	True
exc_5_beta_0.0	0.0499999998137	0.0699999998324	0	13	14	65	68	11	11	26	37	31	-0.670886075949	1.0	True
exc_6_beta_0.0	0.0399999998044	0.059999999823	0	13	14	65	67	11	11	26	36	31	-0.664556962025	1.0	True
exc_7_beta_0.0	0.0399999998044	0.059999999823	0	13	14	65	67	11	11	26	36	31	-0.664556962025	0.973214285714	True
exc_8_beta_0.0	0.0300000000279	0.0600000000559	0	13	14	65	67	11	11	26	36	31	-0.664556962025	0.982142857143	True
exc_9_beta_0.0	0.0300000002608	0.070000000298	0	13	14	65	68	11	11	26	36	32	-0.670886075949	1.0	True
exc_10_beta_0.0	0.0300000000279	0.0600000000559	0	13	14	65	67	11	11	26	36	31	-0.664556962025	0.982142857143	True
exc_11_beta_0.0	0.0300000002608	0.0600000000559	0	13	14	65	67	11	11	26	36	31	-0.664556962025	1.0	True
exc_0_beta_0.05	0.0400000000373	0.0700000000652	0	13	13	65	66	11	11	26	35	31	-0.487341772152	0.980769230769	True
exc_1_beta_0.05	0.0499999998137	0.0600000000559	0	13	13	65	66	11	11	26	36	30	-0.487341772152	1.0	True
exc_2_beta_0.05	0.0500000000466	0.0700000000652	0	13	13	65	66	11	11	26	36	30	-0.487341772152	1.0	True
exc_3_beta_0.05	0.0499999998137	0.059999999823	0	13	13	65	66	11	11	26	36	30	-0.487341772152	1.0	True
exc_4_beta_0.05	0.0600000000559	0.0800000000745	0	13	13	65	66	11	11	26	36	30	-0.487341772152	1.0	True
exc_5_beta_0.05	0.0300000000279	0.0700000000652	0	13	13	65	66	11	11	26	36	30	-0.487341772152	1.0	True
exc_6_beta_0.05	0.0300000000279	0.0600000000559	0	13	13	65	66	11	11	26	36	30	-0.487341772152	1.0	True
exc_7_beta_0.05	0.0400000000373	0.0700000000652	0	13	13	65	65	11	11	26	34	31	-0.481012658228	0.974358974359	True
exc_8_beta_0.05	0.0499999998137	0.0799999998417	0	13	13	65	66	11	11	26	36	30	-0.487341772152	1.0	True
exc_9_beta_0.05	0.0500000000466	0.0600000000559	0	13	13	65	66	11	11	26	36	30	-0.487341772152	1.0	True
exc_10_beta_0.05	0.0299999997951	0.059999999823	0	13	13	65	65	11	11	26	36	29	-0.481012658228	0.967948717949	True
exc_11_beta_0.05	0.0400000000373	0.0600000000559	0	13	13	65	66	11	11	26	35	31	-0.487341772152	0.980769230769	True
exc_0_beta_0.1	0.0499999998137	0.0699999998324	0	13	13	65	66	11	11	26	35	31	-0.487341772152	0.980769230769	True
exc_1_beta_0.1	0.0400000000373	0.0600000000559	0	13	13	65	66	11	11	26	36	30	-0.487341772152	1.0	True
exc_2_beta_0.1	0.0400000000373	0.0699999998324	0	13	13	65	66	11	11	26	36	30	-0.487341772152	1.0	True
exc_3_beta_0.1	0.0500000000466	0.0700000000652	0	13	13	65	66	11	11	26	36	30	-0.487341772152	1.0	True
exc_4_beta_0.1	0.0300000000279	0.0700000000652	0	13	13	65	66	11	11	26	36	30	-0.487341772152	1.0	True
exc_5_beta_0.1	0.0300000000279	0.0600000000559	0	13	13	65	66	11	11	26	36	30	-0.487341772152	1.0	True
exc_6_beta_0.1	0.0300000000279	0.0600000000559	0	13	13	65	66	11	11	26	36	30	-0.487341772152	1.0	True
exc_7_beta_0.1	0.0300000000279	0.0700000000652	0	13	13	65	65	11	11	26	34	31	-0.481012658228	0.974358974359	True
exc_8_beta_0.1	0.0499999998137	0.0800000000745	0	13	13	65	66	11	11	26	36	30	-0.487341772152	1.0	True
exc_9_beta_0.1	0.0300000000279	0.0600000000559	0	13	13	65	66	11	11	26	36	30	-0.487341772152	1.0	True
exc_10_beta_0.1	0.0500000000466	0.059999999823	0	13	13	65	65	11	11	26	36	29	-0.481012658228	0.967948717949	True
exc_11_beta_0.1	0.0400000000373	0.0800000000745	0	13	13	65	66	11	11	26	35	31	-0.487341772152	0.980769230769	True
exc_0_beta_0.15	0.0499999998137	1853.63	0	13	12	65	62	11	11	26	34	28	-0.303797468354	0.967147435897	True
exc_1_beta_0.15	0.130000000121	19220.13	0	13	11	65	58	11	11	26	34	24	-0.132911392405	0.974358974359	True
exc_2_beta_0.15	0.129999999888	20152.67	0	13	11	65	58	11	11	26	34	24	-0.132911392405	0.974358974359	True
exc_3_beta_0.15	0.110000000102	1418.34	0	13	11	65	58	11	11	26	34	24	-0.132911392405	0.974358974359	True
exc_4_beta_0.15	0.119999999879	2048.13	0	13	11	65	58	11	11	26	34	24	-0.132911392405	0.974358974359	True
exc_5_beta_0.15	0.170000000158	1926.42	0	13	11	65	58	11	11	26	34	24	-0.132911392405	0.974358974359	True
exc_6_beta_0.15	5.11999999988	4087.31	0	13	11	65	58	11	11	26	34	24	-0.132911392405	0.974358974359	True
exc_7_beta_0.15	0.189999999944	4633.5	0	13	12	65	61	11	11	26	33	28	-0.29746835443	0.96047008547	True
exc_8_beta_0.15	0.129999999888	3331.57	0	13	11	65	58	11	11	26	34	24	-0.132911392405	0.974358974359	True
exc_9_beta_0.15	0.219999999972	2381.29	0	13	11	65	58	11	11	26	33	25	-0.132911392405	0.946386946387	True
exc_10_beta_0.15	8.80999999982	2602.25	0	13	11	65	57	11	11	26	34	23	-0.126582278481	0.932400932401	True
exc_11_beta_0.15	7.77000000002	1677.87	0	13	11	65	58	11	11	26	33	25	-0.132911392405	0.955128205128	True
exc_0_beta_0.2	0.350000000093	5714.76	0	13	9	65	47	11	11	26	28	19	0.189873417722	0.918803418803	True
exc_1_beta_0.2	0.219999999739	40396.02	0	13	10	65	54	11	11	26	32	22	0.0253164556962	0.955128205128	True
exc_2_beta_0.2	0.169999999925	28700.92	0	13	10	65	54	11	11	26	32	22	0.0253164556962	0.955128205128	True
exc_3_beta_0.2	0.110000000102	1421.89	0	13	10	65	54	11	11	26	32	22	0.0253164556962	0.955128205128	True
exc_4_beta_0.2	0.159999999916	1914.79	0	13	10	65	54	11	11	26	32	22	0.0253164556962	0.955128205128	True
exc_5_beta_0.2	0.160000000149	1697.95	0	13	10	65	54	11	11	26	32	22	0.0253164556962	0.955128205128	True
exc_6_beta_0.2	0.170000000158	3114.72	0	13	10	65	54	11	11	26	32	22	0.0253164556962	0.955128205128	True
exc_7_beta_0.2	0.279999999795	4576.55	0	13	10	65	52	11	11	26	32	20	0.0379746835443	0.910897435897	True
exc_8_beta_0.2	0.169999999925	2398.89	0	13	10	65	54	11	11	26	32	22	0.0253164556962	0.955128205128	True
exc_9_beta_0.2	0.169999999925	1845.89	0	13	10	65	54	11	11	26	32	22	0.0253164556962	0.955128205128	True
exc_10_beta_0.2	3.03000000003	2038.02	0	13	10	65	53	11	11	26	32	21	0.0316455696203	0.910897435897	True
exc_11_beta_0.2	0.170000000158	1255.79	0	13	10	65	54	11	11	26	31	23	0.0253164556962	0.935897435897	True
exc_0_beta_0.25	0.170000000158	4182.5	0	13	8	65	42	11	11	26	25	17	0.329113924051	0.897836538462	True
exc_1_beta_0.25	0.139999999898	27756.32	0	13	8	65	43	11	11	26	25	18	0.322784810127	0.916666666667	True
exc_2_beta_0.25	1.92000000016	16859.21	0	13	8	65	43	11	11	26	25	18	0.322784810127	0.916666666667	True
exc_3_beta_0.25	0.129999999888	1012.15	0	13	8	65	43	11	11	26	25	18	0.322784810127	0.916666666667	True
exc_4_beta_0.25	0.120000000112	1538.99	0	13	8	65	43	11	11	26	25	18	0.322784810127	0.916666666667	True
exc_5_beta_0.25	0.10999999987	1287.88	0	13	8	65	43	11	11	26	25	18	0.322784810127	0.916666666667	True
exc_6_beta_0.25	0.100000000093	2104.23	0	13	8	65	43	11	11	26	25	18	0.322784810127	0.916666666667	True
exc_7_beta_0.25	1.1399999999	2534.2	0	13	8	65	41	11	11	26	25	16	0.335443037975	0.866185897436	True
exc_8_beta_0.25	0.110000000102	1388.5	0	13	8	65	43	11	11	26	25	18	0.322784810127	0.916666666667	True
exc_9_beta_0.25	0.0999999998603	1244.93	0	13	8	65	43	11	11	26	25	18	0.322784810127	0.916666666667	True
exc_10_beta_0.25	0.0700000000652	1258.57	0	13	8	65	42	11	11	26	25	17	0.329113924051	0.855929487179	True
exc_11_beta_0.25	0.100000000093	694.06	0	13	8	65	43	11	11	26	25	18	0.322784810127	0.916666666667	True
exc_0_beta_0.3	0.089999999851	2137.24	0	13	8	65	42	11	11	26	25	17	0.329113924051	0.897836538462	True
exc_1_beta_0.3	0.100000000093	11181.12	0	13	8	65	43	11	11	26	25	18	0.322784810127	0.916666666667	True
exc_2_beta_0.3	0.100000000093	22829.01	0	13	8	65	43	11	11	26	25	18	0.322784810127	0.916666666667	True
exc_3_beta_0.3	0.100000000093	1292.55	0	13	7	65	35	11	11	26	17	18	0.46835443038	0.897435897436	True
exc_4_beta_0.3	0.15000000014	1888.84	0	13	8	65	43	11	11	26	25	18	0.322784810127	0.916666666667	True
exc_5_beta_0.3	0.149999999907	1632.4	0	13	8	65	43	11	11	26	25	18	0.322784810127	0.916666666667	True
exc_6_beta_0.3	0.10999999987	3307.3	0	13	8	65	43	11	11	26	25	18	0.322784810127	0.916666666667	True
exc_7_beta_0.3	0.15000000014	4173.53	0	13	7	65	32	11	11	26	15	17	0.487341772152	0.838644688645	True
exc_8_beta_0.3	0.100000000093	2139.38	0	13	8	65	43	11	11	26	25	18	0.322784810127	0.916666666667	True
exc_9_beta_0.3	0.0999999998603	1658.74	0	13	8	65	43	11	11	26	24	19	0.322784810127	0.889423076923	True
exc_10_beta_0.3	0.15000000014	1986.63	0	13	7	65	34	11	11	26	16	18	0.474683544304	0.850549450549	True
exc_11_beta_0.3	0.15000000014	1198.68	0	13	8	65	43	11	11	26	25	18	0.322784810127	0.916666666667	True
exc_0_beta_0.35	0.110000000102	1485.44	0	13	7	65	32	11	11	26	15	17	0.487341772152	0.838644688645	True
exc_1_beta_0.35	0.15000000014	11804.27	0	13	8	65	43	11	11	26	25	18	0.322784810127	0.916666666667	True
exc_2_beta_0.35	0.0400000000373	6565.41	0	13	8	65	43	11	11	26	25	18	0.322784810127	0.916666666667	True
exc_3_beta_0.35	0.0400000000373	1161.9	0	13	7	65	35	11	11	26	17	18	0.46835443038	0.897435897436	True
exc_4_beta_0.35	0.0499999998137	1499.44	0	13	7	65	34	11	11	26	15	19	0.474683544304	0.897435897436	True
exc_5_beta_0.35	0.0699999998324	556.01	0	13	7	65	34	11	11	26	15	19	0.474683544304	0.897435897436	True
exc_6_beta_0.35	0.0699999998324	1527.57	0	13	7	65	34	11	11	26	15	19	0.474683544304	0.897435897436	True
exc_7_beta_0.35	0.0499999998137	930.54	0	13	7	65	32	11	11	26	15	17	0.487341772152	0.838644688645	True
exc_8_beta_0.35	0.0600000000559	975.71	0	13	7	65	34	11	11	26	15	19	0.474683544304	0.897435897436	True
exc_9_beta_0.35	0.0900000000838	783.43	0	13	7	65	34	11	11	26	14	20	0.474683544304	0.867216117216	True
exc_10_beta_0.35	0.0700000000652	827.09	0	13	7	65	34	11	11	26	16	18	0.474683544304	0.850549450549	True
exc_11_beta_0.35	0.0599999995902	526.0	0	13	7	65	34	11	11	26	15	19	0.474683544304	0.897435897436	True
exc_0_beta_0.4	0.0800000000745	1691.18	0	13	7	65	32	11	11	26	15	17	0.487341772152	0.838644688645	True
exc_1_beta_0.4	0.0500000000466	8580.43	0	13	8	65	43	11	11	26	25	18	0.322784810127	0.916666666667	True
exc_2_beta_0.4	0.0600000000559	7906.15	0	13	8	65	43	11	11	26	25	18	0.322784810127	0.916666666667	True
exc_3_beta_0.4	0.089999999851	1515.38	0	13	7	65	35	11	11	26	17	18	0.46835443038	0.897435897436	True
exc_4_beta_0.4	0.0799999998417	718.93	0	13	7	65	34	11	11	26	15	19	0.474683544304	0.897435897436	True
exc_5_beta_0.4	0.0499999998137	592.07	0	13	7	65	34	11	11	26	15	19	0.474683544304	0.897435897436	True
exc_6_beta_0.4	0.0600000000559	708.55	0	13	7	65	34	11	11	26	15	19	0.474683544304	0.897435897436	True
exc_7_beta_0.4	0.0500000000466	919.51	0	13	7	65	32	11	11	26	15	17	0.487341772152	0.838644688645	True
exc_8_beta_0.4	0.0400000000373	593.1	0	13	7	65	34	11	11	26	15	19	0.474683544304	0.897435897436	True
exc_9_beta_0.4	0.0500000000466	1214.37	0	13	7	65	34	11	11	26	14	20	0.474683544304	0.867216117216	True
exc_10_beta_0.4	0.0700000000652	896.19	0	13	7	65	34	11	11	26	16	18	0.474683544304	0.850549450549	True
exc_11_beta_0.4	0.0700000000652	540.67	0	13	7	65	34	11	11	26	15	19	0.474683544304	0.897435897436	True
exc_0_beta_0.45	0.0600000000559	1116.08	0	13	7	65	29	11	11	26	12	17	0.506329113924	0.791758241758	True
exc_1_beta_0.45	0.0500000000466	7454.99	0	13	8	65	30	11	11	26	15	15	0.405063291139	0.779887820513	True
exc_2_beta_0.45	0.0700000000652	6793.26	0	13	8	65	30	11	11	26	15	15	0.405063291139	0.810176282051	True
exc_3_beta_0.45	0.0699999998324	1463.32	0	13	7	65	28	11	11	26	16	12	0.512658227848	0.721611721612	True
exc_4_beta_0.45	0.0500000000466	1164.12	0	13	7	65	29	11	11	26	13	16	0.506329113924	0.7836996337	True
exc_5_beta_0.45	1.02000000002	921.96	0	13	7	65	29	11	11	26	13	16	0.506329113924	0.7836996337	True
exc_6_beta_0.45	0.0600000000559	839.2	0	13	7	65	29	11	11	26	14	15	0.506329113924	0.792124542125	True
exc_7_beta_0.45	0.0400000000373	1094.38	0	13	7	65	29	11	11	26	15	14	0.506329113924	0.710622710623	True
exc_8_beta_0.45	0.0400000000373	772.46	0	13	7	65	29	11	11	26	13	16	0.506329113924	0.7836996337	True
exc_9_beta_0.45	0.0599999995902	1422.02	0	13	7	65	29	11	11	26	12	17	0.506329113924	0.757326007326	True
exc_10_beta_0.45	0.0500000000466	944.47	0	13	7	65	29	11	11	26	13	16	0.506329113924	0.795604395604	True
exc_11_beta_0.45	0.0600000000559	586.26	0	13	7	65	28	11	11	26	13	15	0.512658227848	0.759157509158	True
exc_0_beta_0.5	0.0600000000559	6894.43	0	13	7	65	29	11	11	26	15	14	0.506329113924	0.774267399267	True
exc_1_beta_0.5	0.0600000000559	7421.29	0	13	8	65	30	11	11	26	15	15	0.405063291139	0.810176282051	True
exc_2_beta_0.5	0.0600000000559	11400.42	0	13	8	65	30	11	11	26	13	17	0.405063291139	0.815705128205	True
exc_3_beta_0.5	0.0700000000652	1471.43	0	13	7	65	28	11	11	26	14	14	0.512658227848	0.732600732601	True
exc_4_beta_0.5	0.0700000000652	5409.73	0	13	7	65	29	11	11	26	14	15	0.506329113924	0.792124542125	True
exc_5_beta_0.5	0.0600000000559	4048.05	0	13	7	65	29	11	11	26	13	16	0.506329113924	0.7836996337	True
exc_6_beta_0.5	0.0799999998417	21277.68	0	null	null	null	null	null	11	null	null	null	null	null	False
exc_7_beta_0.5	0.0800000000745	21230.47	0	null	null	null	null	null	11	null	null	null	null	null	False
exc_8_beta_0.5	0.0600000000559	915.9	0	13	7	65	29	11	11	26	14	15	0.506329113924	0.765567765568	True
exc_9_beta_0.5	0.530000000028	5531.41	0	13	7	65	29	11	11	26	13	16	0.506329113924	0.739468864469	True
exc_10_beta_0.5	12.1699999999	3307.72	0	13	7	65	29	11	11	26	15	14	0.506329113924	0.722527472527	True
exc_11_beta_0.5	0.0700000000652	3032.17	0	13	7	65	28	11	11	26	14	14	0.512658227848	0.770146520147	True
exc_0_beta_0.55	0.0700000000652	19389.68	0	null	null	null	null	null	11	null	null	null	null	null	False
exc_1_beta_0.55	0.059999999823	15444.39	0	null	null	null	null	null	11	null	null	null	null	null	False
exc_2_beta_0.55	0.0400000000373	12284.43	0	null	null	null	null	null	11	null	null	null	null	null	False
exc_3_beta_0.55	0.0200000000186	10839.57	0	null	null	null	null	null	11	null	null	null	null	null	False
exc_4_beta_0.55	0.0299999997951	10846.85	0	null	null	null	null	null	11	null	null	null	null	null	False
exc_5_beta_0.55	0.0200000000186	10836.09	0	null	null	null	null	null	11	null	null	null	null	null	False
exc_6_beta_0.55	0.0300000000279	10845.22	0	null	null	null	null	null	11	null	null	null	null	null	False
exc_7_beta_0.55	0.0200000000186	10860.9	0	null	null	null	null	null	11	null	null	null	null	null	False
exc_8_beta_0.55	0.0400000000373	10842.48	0	null	null	null	null	null	11	null	null	null	null	null	False
exc_9_beta_0.55	0.0400000000373	10843.38	0	null	null	null	null	null	11	null	null	null	null	null	False
exc_10_beta_0.55	0.0300000002608	10837.11	0	null	null	null	null	null	11	null	null	null	null	null	False
