info	GenerationTime	ExecutionTime	PlanTime	NumRoles(Before)	NumRoles(After)	NumAss(Before)	NumAss(After)	numUsers	NumPermessi	numAssUPA	numAssUA	numAssPA	opt	sim	ResultCompliance
exc_0_beta_0.0	0.10999999987	2.47999999998	0	13	14	65	68	11	11	26	37	31	-0.670886075949	0.973214285714	True
exc_1_beta_0.0	0.10999999987	2.87999999989	0	13	14	65	67	11	11	26	36	31	-0.664556962025	1.0	True
exc_2_beta_0.0	0.110000000102	3.35000000009	0	13	14	65	67	11	11	26	36	31	-0.664556962025	1.0	True
exc_3_beta_0.0	0.110000000102	2.87999999989	0	13	14	65	69	11	11	26	37	32	-0.677215189873	1.0	True
exc_4_beta_0.0	0.110000000102	3.53000000026	0	13	14	65	69	11	11	26	37	32	-0.677215189873	1.0	True
exc_5_beta_0.0	0.110000000102	2.04999999981	0	13	14	65	69	11	11	26	37	32	-0.677215189873	1.0	True
exc_6_beta_0.0	0.0699999998324	4.5299999998	0	13	14	65	68	11	11	26	36	32	-0.670886075949	1.0	True
exc_7_beta_0.0	0.10999999987	3.2799999998	0	13	14	65	67	11	11	26	36	31	-0.664556962025	0.973214285714	True
exc_8_beta_0.0	0.10999999987	1.72999999998	0	13	14	65	68	11	11	26	36	32	-0.670886075949	1.0	True
exc_9_beta_0.0	0.0700000000652	3.3899999999	0	13	14	65	67	11	11	26	36	31	-0.664556962025	1.0	True
exc_10_beta_0.0	0.110000000102	2.57000000007	0	13	14	65	67	11	11	26	36	31	-0.664556962025	0.982142857143	True
exc_11_beta_0.0	0.110000000102	5.2899999998	0	13	14	65	67	11	11	26	36	31	-0.664556962025	1.0	True
exc_0_beta_0.05	0.10999999987	4.40000000014	0	13	13	65	66	11	11	26	35	31	-0.487341772152	0.980769230769	True
exc_1_beta_0.05	0.170000000158	6.90000000014	0	13	13	65	66	11	11	26	36	30	-0.487341772152	1.0	True
exc_2_beta_0.05	0.110000000102	9.3600000001	0	13	13	65	66	11	11	26	36	30	-0.487341772152	1.0	True
exc_3_beta_0.05	0.10999999987	3.34000000008	0	13	13	65	66	11	11	26	36	30	-0.487341772152	1.0	True
exc_4_beta_0.05	0.0800000000745	5.08000000007	0	13	13	65	66	11	11	26	36	30	-0.487341772152	1.0	True
exc_5_beta_0.05	0.100000000093	6.2100000002	0	13	13	65	66	11	11	26	36	30	-0.487341772152	1.0	True
exc_6_beta_0.05	0.10999999987	2.56000000006	0	13	13	65	66	11	11	26	36	30	-0.487341772152	1.0	True
exc_7_beta_0.05	0.10999999987	9.08999999985	0	13	13	65	65	11	11	26	34	31	-0.481012658228	0.974358974359	True
exc_8_beta_0.05	0.10999999987	5.06999999983	0	13	13	65	66	11	11	26	36	30	-0.487341772152	1.0	True
exc_9_beta_0.05	0.10999999987	10.0	0	13	13	65	66	11	11	26	36	30	-0.487341772152	1.0	True
exc_10_beta_0.05	0.10999999987	7.40999999992	0	13	13	65	65	11	11	26	36	29	-0.481012658228	0.967948717949	True
exc_11_beta_0.05	0.120000000112	2.78000000003	0	13	13	65	66	11	11	26	35	31	-0.487341772152	0.987179487179	True
exc_0_beta_0.1	0.110000000335	4.89000000013	0	13	13	65	66	11	11	26	35	31	-0.487341772152	0.980769230769	True
exc_1_beta_0.1	0.0699999998324	6.09999999986	0	13	13	65	66	11	11	26	36	30	-0.487341772152	1.0	True
exc_2_beta_0.1	0.100000000093	5.0700000003	0	13	13	65	66	11	11	26	36	30	-0.487341772152	1.0	True
exc_3_beta_0.1	0.110000000102	4.25	0	13	13	65	66	11	11	26	36	30	-0.487341772152	1.0	True
exc_4_beta_0.1	0.120000000112	4.73000000021	0	13	13	65	66	11	11	26	36	30	-0.487341772152	1.0	True
exc_5_beta_0.1	0.0999999998603	4.9299999997	0	13	13	65	66	11	11	26	36	30	-0.487341772152	1.0	True
exc_6_beta_0.1	0.110000000102	3.64000000013	0	13	13	65	66	11	11	26	35	31	-0.487341772152	0.980769230769	True
exc_7_beta_0.1	0.10999999987	9.68000000017	0	13	13	65	65	11	11	26	34	31	-0.481012658228	0.974358974359	True
exc_8_beta_0.1	0.0700000000652	5.77000000002	0	13	13	65	66	11	11	26	36	30	-0.487341772152	1.0	True
exc_9_beta_0.1	0.0700000000652	5.86999999988	0	13	13	65	66	11	11	26	36	30	-0.487341772152	1.0	True
exc_10_beta_0.1	0.110000000102	8.10999999987	0	13	13	65	65	11	11	26	36	29	-0.481012658228	0.967948717949	True
exc_11_beta_0.1	0.0700000000652	2.81000000006	0	13	13	65	66	11	11	26	35	31	-0.487341772152	0.987179487179	True
exc_0_beta_0.15	0.10999999987	8.01999999979	0	13	12	65	62	11	11	26	34	28	-0.303797468354	0.967147435897	True
exc_1_beta_0.15	0.0799999998417	10.2999999998	0	13	11	65	58	11	11	26	34	24	-0.132911392405	0.974358974359	True
exc_2_beta_0.15	0.10999999987	10.6900000002	0	13	11	65	58	11	11	26	34	24	-0.132911392405	0.974358974359	True
exc_3_beta_0.15	0.120000000112	6.69999999995	0	13	11	65	58	11	11	26	34	24	-0.132911392405	0.974358974359	True
exc_4_beta_0.15	0.110000000102	6.87999999989	0	13	11	65	58	11	11	26	34	24	-0.132911392405	0.974358974359	True
exc_5_beta_0.15	0.0999999998603	6.66999999993	0	13	11	65	58	11	11	26	34	24	-0.132911392405	0.974358974359	True
exc_6_beta_0.15	0.0700000000652	6.45000000019	0	13	11	65	58	11	11	26	34	24	-0.132911392405	0.974358974359	True
exc_7_beta_0.15	0.100000000093	21.77	0	13	12	65	61	11	11	26	33	28	-0.29746835443	0.96047008547	True
exc_8_beta_0.15	0.10999999987	7.56999999983	0	13	11	65	58	11	11	26	34	24	-0.132911392405	0.974358974359	True
exc_9_beta_0.15	0.0699999998324	13.02	0	13	11	65	58	11	11	26	34	24	-0.132911392405	0.974358974359	True
exc_10_beta_0.15	0.10999999987	13.0699999998	0	13	11	65	57	11	11	26	34	23	-0.126582278481	0.932400932401	True
exc_11_beta_0.15	0.100000000093	3.77000000002	0	13	11	65	58	11	11	26	33	25	-0.132911392405	0.960372960373	True
exc_0_beta_0.2	0.110000000102	35.75	0	13	9	65	47	11	11	26	28	19	0.189873417722	0.918803418803	True
exc_1_beta_0.2	0.10999999987	25.3700000001	0	13	10	65	54	11	11	26	32	22	0.0253164556962	0.955128205128	True
exc_2_beta_0.2	0.10999999987	41.8500000001	0	13	10	65	54	11	11	26	32	22	0.0253164556962	0.955128205128	True
exc_3_beta_0.2	0.120000000112	18.5	0	13	10	65	54	11	11	26	32	22	0.0253164556962	0.955128205128	True
exc_4_beta_0.2	0.10999999987	18.3299999998	0	13	10	65	54	11	11	26	32	22	0.0253164556962	0.955128205128	True
exc_5_beta_0.2	0.110000000335	26.6000000001	0	13	10	65	54	11	11	26	32	22	0.0253164556962	0.955128205128	True
exc_6_beta_0.2	0.110000000335	19.9700000002	0	13	10	65	54	11	11	26	32	22	0.0253164556962	0.955128205128	True
exc_7_beta_0.2	0.0700000000652	65.3500000001	0	13	10	65	52	11	11	26	32	20	0.0379746835443	0.910897435897	True
exc_8_beta_0.2	0.0700000000652	20.1399999999	0	13	10	65	54	11	11	26	32	22	0.0253164556962	0.955128205128	True
exc_9_beta_0.2	0.110000000102	33.5800000001	0	13	10	65	54	11	11	26	32	22	0.0253164556962	0.955128205128	True
exc_10_beta_0.2	0.10999999987	39.9399999997	0	13	10	65	53	11	11	26	32	21	0.0316455696203	0.910897435897	True
exc_11_beta_0.2	0.110000000102	4.43000000017	0	13	10	65	54	11	11	26	31	23	0.0253164556962	0.940384615385	True
exc_0_beta_0.25	0.0999999998603	509.6	0	13	8	65	42	11	11	26	25	17	0.329113924051	0.897836538462	True
exc_1_beta_0.25	0.869999999646	444.16	0	13	8	65	43	11	11	26	25	18	0.322784810127	0.916666666667	True
exc_2_beta_0.25	0.119999999879	540.63	0	13	8	65	43	11	11	26	25	18	0.322784810127	0.916666666667	True
exc_3_beta_0.25	0.139999999898	642.5	0	13	8	65	43	11	11	26	25	18	0.322784810127	0.916666666667	True
exc_4_beta_0.25	0.0900000000838	535.34	0	13	8	65	43	11	11	26	25	18	0.322784810127	0.916666666667	True
exc_5_beta_0.25	0.160000000149	557.73	0	13	8	65	43	11	11	26	25	18	0.322784810127	0.916666666667	True
exc_6_beta_0.25	0.15000000014	909.29	0	13	8	65	43	11	11	26	25	18	0.322784810127	0.916666666667	True
exc_7_beta_0.25	0.169999999925	1415.76	0	13	8	65	41	11	11	26	25	16	0.335443037975	0.866185897436	True
exc_8_beta_0.25	0.169999999925	683.36	0	13	8	65	43	11	11	26	25	18	0.322784810127	0.916666666667	True
exc_9_beta_0.25	0.329999999609	1549.28	0	13	8	65	43	11	11	26	24	19	0.322784810127	0.889423076923	True
exc_10_beta_0.25	0.520000000019	2174.03	0	13	8	65	42	11	11	26	25	17	0.329113924051	0.855929487179	True
exc_11_beta_0.25	0.110000000102	67.6099999999	0	13	8	65	43	11	11	26	24	19	0.322784810127	0.89983974359	True
exc_0_beta_0.3	0.169999999925	42546.72	0	null	null	null	null	null	11	null	null	null	null	null	False
