info	GenerationTime	ExecutionTime	PlanTime	NumRoles(Before)	NumRoles(After)	NumAss(Before)	NumAss(After)	numUsers	NumPermessi	numAssUPA	numAssUA	numAssPA	opt	sim	ResultCompliance
exc_0_beta_1.0	0.0699999998324	1257.97	0	13	7	65	29	11	11	26	14	15	0.506329113924	0.765842490842	True
exc_1_beta_1.0	0.0799999998417	1280.59	0	13	8	65	32	11	11	26	20	12	0.392405063291	0.696394230769	True
exc_2_beta_1.0	0.0600000000559	1066.86	0	13	8	65	35	11	11	26	23	12	0.373417721519	0.70953525641	True
exc_3_beta_1.0	0.0399999998044	921.75	0	13	7	65	30	11	11	26	16	14	0.5	0.765567765568	True
exc_4_beta_1.0	0.0600000000559	920.47	0	13	7	65	30	11	11	26	14	16	0.5	0.7836996337	True
exc_5_beta_1.0	0.0399999998044	921.45	0	13	7	65	29	11	11	26	14	15	0.506329113924	0.792124542125	True
exc_6_beta_1.0	0.059999999823	920.01	0	13	7	65	30	11	11	26	13	17	0.5	0.791758241758	True
exc_7_beta_1.0	0.0400000000373	919.69	0	13	7	65	29	11	11	26	15	14	0.506329113924	0.774267399267	True
exc_8_beta_1.0	0.059999999823	920.04	0	13	7	65	30	11	11	26	15	15	0.5	0.796245421245	True
exc_9_beta_1.0	0.0600000000559	920.22	0	13	7	65	29	11	11	26	14	15	0.506329113924	0.750457875458	True
exc_10_beta_1.0	0.0400000000373	917.56	0	13	7	65	30	11	11	26	14	16	0.5	0.773901098901	True
exc_11_beta_1.0	0.0600000000559	918.48	0	13	7	65	28	11	11	26	15	13	0.512658227848	0.719322344322	True
exc_0_beta_0.95	0.0600000000559	921.3	0	13	7	65	30	11	11	26	15	15	0.5	0.765567765568	True
exc_1_beta_0.95	0.0600000000559	920.34	0	13	8	65	30	11	11	26	15	15	0.405063291139	0.810176282051	True
exc_2_beta_0.95	0.059999999823	920.01	0	13	8	65	30	11	11	26	15	15	0.405063291139	0.810176282051	True
exc_3_beta_0.95	0.0600000000559	920.52	0	13	7	65	28	11	11	26	16	12	0.512658227848	0.692765567766	True
exc_4_beta_0.95	0.0600000000559	920.22	0	13	7	65	29	11	11	26	15	14	0.506329113924	0.774267399267	True
exc_5_beta_0.95	0.0399999998044	921.0	0	13	7	65	29	11	11	26	14	15	0.506329113924	0.792124542125	True
exc_6_beta_0.95	0.059999999823	920.57	0	13	7	65	29	11	11	26	15	14	0.506329113924	0.774267399267	True
exc_7_beta_0.95	0.0600000000559	920.85	0	13	7	65	30	11	11	26	15	15	0.5	0.728754578755	True
exc_8_beta_0.95	0.059999999823	917.42	0	13	7	65	29	11	11	26	15	14	0.506329113924	0.747710622711	True
exc_9_beta_0.95	0.0600000000559	919.87	0	13	7	65	29	11	11	26	12	17	0.506329113924	0.757326007326	True
exc_10_beta_0.95	0.300000000047	920.99	0	13	7	65	29	11	11	26	15	14	0.506329113924	0.722802197802	True
exc_11_beta_0.95	0.0600000000559	920.38	0	13	7	65	28	11	11	26	13	15	0.512658227848	0.759157509158	True
exc_0_beta_0.9	0.0600000000559	917.33	0	13	7	65	30	11	11	26	15	15	0.5	0.765567765568	True
exc_1_beta_0.9	0.0600000000559	920.45	0	13	8	65	30	11	11	26	15	15	0.405063291139	0.810176282051	True
exc_2_beta_0.9	0.0600000000559	920.17	0	13	8	65	30	11	11	26	15	15	0.405063291139	0.810176282051	True
exc_3_beta_0.9	0.0699999998324	920.38	0	13	7	65	28	11	11	26	16	12	0.512658227848	0.692765567766	True
exc_4_beta_0.9	0.0600000000559	920.43	0	13	7	65	29	11	11	26	15	14	0.506329113924	0.774267399267	True
exc_5_beta_0.9	0.0400000000373	920.45	0	13	7	65	29	11	11	26	14	15	0.506329113924	0.792124542125	True
exc_6_beta_0.9	0.0700000000652	920.3	0	13	7	65	29	11	11	26	15	14	0.506329113924	0.774267399267	True
exc_7_beta_0.9	0.0700000000652	918.01	0	13	7	65	30	11	11	26	15	15	0.5	0.728754578755	True
exc_8_beta_0.9	0.0699999998324	920.29	0	13	7	65	29	11	11	26	15	14	0.506329113924	0.747710622711	True
exc_9_beta_0.9	0.059999999823	918.69	0	13	7	65	29	11	11	26	12	17	0.506329113924	0.757326007326	True
exc_10_beta_0.9	0.620000000112	921.14	0	13	7	65	29	11	11	26	15	14	0.506329113924	0.722802197802	True
exc_11_beta_0.9	0.0800000000745	920.84	0	13	7	65	28	11	11	26	13	15	0.512658227848	0.759157509158	True
exc_0_beta_0.85	0.0800000000745	921.21	0	13	7	65	30	11	11	26	15	15	0.5	0.765567765568	True
exc_1_beta_0.85	0.0799999998417	920.89	0	13	8	65	30	11	11	26	15	15	0.405063291139	0.810176282051	True
exc_2_beta_0.85	0.0399999998044	920.46	0	13	8	65	30	11	11	26	15	15	0.405063291139	0.810176282051	True
exc_3_beta_0.85	0.0700000000652	921.17	0	13	7	65	28	11	11	26	16	12	0.512658227848	0.692765567766	True
exc_4_beta_0.85	0.0400000000373	920.94	0	13	7	65	29	11	11	26	15	14	0.506329113924	0.774267399267	True
exc_5_beta_0.85	0.0399999998044	920.93	0	13	7	65	29	11	11	26	14	15	0.506329113924	0.792124542125	True
exc_6_beta_0.85	0.0600000000559	921.06	0	13	7	65	29	11	11	26	15	14	0.506329113924	0.774267399267	True
exc_7_beta_0.85	0.0600000000559	921.02	0	13	7	65	30	11	11	26	15	15	0.5	0.728754578755	True
exc_8_beta_0.85	0.0400000000373	920.7	0	13	7	65	29	11	11	26	15	14	0.506329113924	0.747710622711	True
exc_9_beta_0.85	0.059999999823	921.4	0	13	7	65	29	11	11	26	12	17	0.506329113924	0.757326007326	True
exc_10_beta_0.85	0.0400000000373	920.77	0	13	7	65	29	11	11	26	15	14	0.506329113924	0.722802197802	True
exc_11_beta_0.85	0.059999999823	920.67	0	13	7	65	28	11	11	26	13	15	0.512658227848	0.759157509158	True
exc_0_beta_0.8	0.0400000000373	920.72	0	13	7	65	30	11	11	26	15	15	0.5	0.765567765568	True
exc_1_beta_0.8	0.0600000000559	920.59	0	13	8	65	30	11	11	26	15	15	0.405063291139	0.810176282051	True
exc_2_beta_0.8	0.0400000000373	920.47	0	13	8	65	30	11	11	26	15	15	0.405063291139	0.810176282051	True
exc_3_beta_0.8	0.0400000000373	920.7	0	13	7	65	28	11	11	26	15	13	0.512658227848	0.747710622711	True
exc_4_beta_0.8	0.0700000000652	920.44	0	13	7	65	29	11	11	26	15	14	0.506329113924	0.774267399267	True
exc_5_beta_0.8	0.0700000000652	920.83	0	13	7	65	29	11	11	26	14	15	0.506329113924	0.792124542125	True
exc_6_beta_0.8	0.0400000000373	920.96	0	13	7	65	29	11	11	26	15	14	0.506329113924	0.774267399267	True
exc_7_beta_0.8	0.0400000000373	920.05	0	13	7	65	30	11	11	26	15	15	0.5	0.728754578755	True
exc_8_beta_0.8	0.0600000000559	917.66	0	13	7	65	29	11	11	26	15	14	0.506329113924	0.747710622711	True
exc_9_beta_0.8	0.0400000000373	919.57	0	13	7	65	29	11	11	26	12	17	0.506329113924	0.757326007326	True
exc_10_beta_0.8	0.0600000000559	918.36	0	13	7	65	29	11	11	26	15	14	0.506329113924	0.722802197802	True
exc_11_beta_0.8	0.0400000000373	920.69	0	13	7	65	28	11	11	26	13	15	0.512658227848	0.759157509158	True
exc_0_beta_0.75	0.0600000000559	921.05	0	13	7	65	30	11	11	26	15	15	0.5	0.765567765568	True
exc_1_beta_0.75	0.0600000000559	920.51	0	13	8	65	30	11	11	26	15	15	0.405063291139	0.810176282051	True
exc_2_beta_0.75	0.0600000000559	920.56	0	13	8	65	30	11	11	26	15	15	0.405063291139	0.810176282051	True
exc_3_beta_0.75	0.059999999823	921.08	0	13	7	65	28	11	11	26	15	13	0.512658227848	0.747710622711	True
exc_4_beta_0.75	0.0600000000559	922.03	0	13	7	65	29	11	11	26	15	14	0.506329113924	0.774267399267	True
exc_5_beta_0.75	0.059999999823	920.42	0	13	7	65	29	11	11	26	14	15	0.506329113924	0.792124542125	True
exc_6_beta_0.75	0.0400000000373	920.86	0	13	7	65	29	11	11	26	15	14	0.506329113924	0.774267399267	True
exc_7_beta_0.75	0.059999999823	920.58	0	13	7	65	30	11	11	26	15	15	0.5	0.728754578755	True
exc_8_beta_0.75	0.0400000000373	920.28	0	13	7	65	29	11	11	26	15	14	0.506329113924	0.747710622711	True
exc_9_beta_0.75	0.0400000000373	920.24	0	13	7	65	29	11	11	26	12	17	0.506329113924	0.757326007326	True
exc_10_beta_0.75	0.0600000000559	921.85	0	13	7	65	29	11	11	26	15	14	0.506329113924	0.722802197802	True
exc_11_beta_0.75	0.0400000000373	920.48	0	13	7	65	28	11	11	26	13	15	0.512658227848	0.759157509158	True
exc_0_beta_0.7	0.0600000000559	921.14	0	13	7	65	30	11	11	26	15	15	0.5	0.765567765568	True
exc_1_beta_0.7	0.0600000000559	920.41	0	13	8	65	30	11	11	26	15	15	0.405063291139	0.810176282051	True
exc_2_beta_0.7	0.0700000000652	920.71	0	13	8	65	30	11	11	26	15	15	0.405063291139	0.810176282051	True
exc_3_beta_0.7	0.0999999998603	916.55	0	13	7	65	28	11	11	26	15	13	0.512658227848	0.747710622711	True
exc_4_beta_0.7	0.0699999998324	920.89	0	13	7	65	29	11	11	26	15	14	0.506329113924	0.774267399267	True
exc_5_beta_0.7	0.0600000000559	917.66	0	13	7	65	29	11	11	26	14	15	0.506329113924	0.792124542125	True
exc_6_beta_0.7	0.0600000000559	920.54	0	13	7	65	29	11	11	26	15	14	0.506329113924	0.774267399267	True
exc_7_beta_0.7	0.0400000000373	920.33	0	13	7	65	30	11	11	26	15	15	0.5	0.728754578755	True
exc_8_beta_0.7	0.0600000000559	920.55	0	13	7	65	29	11	11	26	15	14	0.506329113924	0.747710622711	True
exc_9_beta_0.7	0.0600000000559	920.71	0	13	7	65	29	11	11	26	12	17	0.506329113924	0.757326007326	True
exc_10_beta_0.7	0.0799999998417	921.04	0	13	7	65	29	11	11	26	15	14	0.506329113924	0.722802197802	True
exc_11_beta_0.7	0.059999999823	920.46	0	13	7	65	28	11	11	26	13	15	0.512658227848	0.759157509158	True
exc_0_beta_0.65	0.0400000000373	921.09	0	13	7	65	29	11	11	26	12	17	0.506329113924	0.767948717949	True
exc_1_beta_0.65	0.059999999823	920.43	0	13	8	65	30	11	11	26	15	15	0.405063291139	0.810176282051	True
exc_2_beta_0.65	0.0400000000373	920.83	0	13	8	65	30	11	11	26	15	15	0.405063291139	0.810176282051	True
exc_3_beta_0.65	0.0600000000559	920.66	0	13	7	65	28	11	11	26	15	13	0.512658227848	0.747710622711	True
exc_4_beta_0.65	0.0700000000652	921.32	0	13	7	65	29	11	11	26	14	15	0.506329113924	0.792124542125	True
exc_5_beta_0.65	0.0600000000559	920.94	0	13	7	65	29	11	11	26	14	15	0.506329113924	0.792124542125	True
exc_6_beta_0.65	0.0600000000559	921.53	0	13	7	65	29	11	11	26	15	14	0.506329113924	0.774267399267	True
exc_7_beta_0.65	0.0600000000559	921.21	0	13	7	65	29	11	11	26	15	14	0.506329113924	0.737179487179	True
exc_8_beta_0.65	0.0600000000559	920.5	0	13	7	65	29	11	11	26	15	14	0.506329113924	0.747710622711	True
exc_9_beta_0.65	0.0399999998044	920.76	0	13	7	65	29	11	11	26	12	17	0.506329113924	0.757326007326	True
exc_10_beta_0.65	0.0400000000373	921.25	0	13	7	65	29	11	11	26	14	15	0.506329113924	0.777472527473	True
exc_11_beta_0.65	0.059999999823	920.62	0	13	7	65	28	11	11	26	13	15	0.512658227848	0.759157509158	True
exc_0_beta_0.6	0.0400000000373	921.37	0	13	7	65	29	11	11	26	12	17	0.506329113924	0.767948717949	True
exc_1_beta_0.6	0.0600000000559	921.12	0	13	8	65	30	11	11	26	14	16	0.405063291139	0.800080128205	True
exc_2_beta_0.6	0.0399999998044	921.3	0	13	8	65	30	11	11	26	13	17	0.405063291139	0.815705128205	True
exc_3_beta_0.6	0.0500000000466	920.66	0	13	7	65	28	11	11	26	15	13	0.512658227848	0.747710622711	True
exc_4_beta_0.6	0.0400000000373	920.68	0	13	7	65	29	11	11	26	14	15	0.506329113924	0.792124542125	True
exc_5_beta_0.6	0.0600000000559	920.51	0	13	7	65	29	11	11	26	14	15	0.506329113924	0.765842490842	True
exc_6_beta_0.6	0.059999999823	920.63	0	13	7	65	29	11	11	26	15	14	0.506329113924	0.774267399267	True
exc_7_beta_0.6	0.0400000000373	921.02	0	13	7	65	29	11	11	26	14	15	0.506329113924	0.728754578755	True
exc_8_beta_0.6	0.0600000000559	920.21	0	13	7	65	29	11	11	26	15	14	0.506329113924	0.747710622711	True
exc_9_beta_0.6	0.0600000000559	920.63	0	13	7	65	29	11	11	26	12	17	0.506329113924	0.757326007326	True
exc_10_beta_0.6	0.0600000000559	920.65	0	13	7	65	29	11	11	26	14	15	0.506329113924	0.777472527473	True
exc_11_beta_0.6	0.0400000000373	920.07	0	13	7	65	28	11	11	26	13	15	0.512658227848	0.759157509158	True
exc_0_beta_0.55	0.0600000000559	920.33	0	13	7	65	29	11	11	26	13	16	0.506329113924	0.750091575092	True
exc_1_beta_0.55	0.0600000000559	920.89	0	13	8	65	30	11	11	26	14	16	0.405063291139	0.795512820513	True
exc_2_beta_0.55	0.059999999823	921.1	0	13	8	65	30	11	11	26	15	15	0.405063291139	0.810176282051	True
exc_3_beta_0.55	0.0400000000373	920.64	0	13	7	65	29	11	11	26	13	16	0.506329113924	0.820512820513	True
exc_4_beta_0.55	0.0399999998044	920.92	0	13	7	65	29	11	11	26	14	15	0.506329113924	0.765842490842	True
exc_5_beta_0.55	0.0600000000559	920.65	0	13	7	65	29	11	11	26	14	15	0.506329113924	0.765842490842	True
exc_6_beta_0.55	0.0700000000652	916.62	0	13	7	65	29	11	11	26	14	15	0.506329113924	0.792124542125	True
exc_7_beta_0.55	0.0600000000559	919.7	0	13	7	65	29	11	11	26	14	15	0.506329113924	0.728754578755	True
exc_8_beta_0.55	0.059999999823	917.68	0	13	7	65	29	11	11	26	15	14	0.506329113924	0.774267399267	True
exc_9_beta_0.55	0.0600000000559	920.58	0	13	7	65	29	11	11	26	12	17	0.506329113924	0.757326007326	True
exc_10_beta_0.55	0.0600000000559	920.88	0	13	7	65	29	11	11	26	14	15	0.506329113924	0.777747252747	True
exc_11_beta_0.55	0.0600000000559	921.74	0	13	7	65	28	11	11	26	15	13	0.512658227848	0.752289377289	True
exc_0_beta_0.5	0.0700000000652	920.39	0	13	7	65	29	11	11	26	15	14	0.506329113924	0.774267399267	True
exc_1_beta_0.5	0.0400000000373	920.7	0	13	8	65	30	11	11	26	14	16	0.405063291139	0.795512820513	True
exc_2_beta_0.5	0.0400000000373	920.42	0	13	8	65	30	11	11	26	15	15	0.405063291139	0.779887820513	True
exc_3_beta_0.5	0.0600000000559	920.35	0	13	7	65	29	11	11	26	17	12	0.506329113924	0.721611721612	True
exc_4_beta_0.5	0.059999999823	920.34	0	13	7	65	29	11	11	26	14	15	0.506329113924	0.765842490842	True
exc_5_beta_0.5	0.0600000000559	920.58	0	13	7	65	29	11	11	26	15	14	0.506329113924	0.747710622711	True
exc_6_beta_0.5	0.0600000000559	920.3	0	13	7	65	29	11	11	26	14	15	0.506329113924	0.792124542125	True
exc_7_beta_0.5	0.059999999823	921.06	0	13	7	65	29	11	11	26	14	15	0.506329113924	0.728754578755	True
exc_8_beta_0.5	0.0400000000373	920.92	0	13	7	65	29	11	11	26	14	15	0.506329113924	0.765567765568	True
exc_9_beta_0.5	0.0600000000559	920.28	0	13	7	65	30	11	11	26	13	17	0.5	0.757326007326	True
exc_10_beta_0.5	0.0400000000373	920.57	0	13	7	65	29	11	11	26	14	15	0.506329113924	0.777747252747	True
exc_11_beta_0.5	0.0600000000559	920.68	0	13	7	65	28	11	11	26	15	13	0.512658227848	0.719322344322	True
exc_0_beta_0.45	0.0400000000373	920.07	0	13	7	65	29	11	11	26	15	14	0.506329113924	0.774267399267	True
exc_1_beta_0.45	0.0700000000652	920.44	0	13	8	65	30	11	11	26	14	16	0.405063291139	0.795512820513	True
exc_2_beta_0.45	0.0700000000652	920.35	0	13	8	65	30	11	11	26	15	15	0.405063291139	0.779887820513	True
exc_3_beta_0.45	0.0499999998137	920.79	0	13	7	65	29	11	11	26	17	12	0.506329113924	0.721611721612	True
exc_4_beta_0.45	0.0800000000745	920.49	0	13	7	65	29	11	11	26	14	15	0.506329113924	0.765842490842	True
exc_5_beta_0.45	0.0399999998044	920.59	0	13	7	65	30	11	11	26	14	16	0.5	0.820787545788	True
exc_6_beta_0.45	0.0700000000652	921.31	0	13	7	65	29	11	11	26	14	15	0.506329113924	0.792124542125	True
exc_7_beta_0.45	0.0600000000559	920.52	0	13	7	65	29	11	11	26	14	15	0.506329113924	0.728754578755	True
exc_8_beta_0.45	0.0499999998137	921.08	0	13	7	65	29	11	11	26	14	15	0.506329113924	0.765567765568	True
exc_9_beta_0.45	0.0699999998324	921.12	0	13	7	65	30	11	11	26	13	17	0.5	0.757326007326	True
exc_10_beta_0.45	0.059999999823	920.69	0	13	7	65	29	11	11	26	14	15	0.506329113924	0.777747252747	True
exc_11_beta_0.45	0.0900000000838	920.68	0	13	7	65	28	11	11	26	15	13	0.512658227848	0.719322344322	True
exc_0_beta_0.4	0.0400000000373	920.91	0	13	7	65	31	11	11	26	15	16	0.493670886076	0.814102564103	True
exc_1_beta_0.4	0.0600000000559	920.91	0	13	8	65	43	11	11	26	24	19	0.322784810127	0.923076923077	True
exc_2_beta_0.4	0.059999999823	920.44	0	13	8	65	43	11	11	26	25	18	0.322784810127	0.916666666667	True
exc_3_beta_0.4	0.0600000000559	918.99	0	13	7	65	34	11	11	26	17	17	0.474683544304	0.842490842491	True
exc_4_beta_0.4	0.0600000000559	917.95	0	13	7	65	33	11	11	26	13	20	0.481012658228	0.897435897436	True
exc_5_beta_0.4	0.0600000000559	920.32	0	13	7	65	31	11	11	26	14	17	0.493670886076	0.811172161172	True
exc_6_beta_0.4	0.059999999823	918.12	0	13	7	65	31	11	11	26	15	16	0.493670886076	0.814102564103	True
exc_7_beta_0.4	0.0600000000559	921.05	0	13	7	65	32	11	11	26	15	17	0.487341772152	0.838644688645	True
exc_8_beta_0.4	0.0600000000559	920.74	0	13	7	65	33	11	11	26	14	19	0.481012658228	0.897435897436	True
exc_9_beta_0.4	0.0700000000652	920.9	0	13	7	65	32	11	11	26	13	19	0.487341772152	0.792857142857	True
exc_10_beta_0.4	0.0700000000652	920.32	0	13	7	65	34	11	11	26	16	18	0.474683544304	0.850549450549	True
exc_11_beta_0.4	0.0699999998324	921.21	0	13	7	65	30	11	11	26	14	16	0.5	0.832417582418	True
exc_0_beta_0.35	0.0800000000745	920.65	0	13	7	65	31	11	11	26	15	16	0.493670886076	0.814102564103	True
exc_1_beta_0.35	0.0700000000652	920.48	0	13	8	65	43	11	11	26	24	19	0.322784810127	0.923076923077	True
exc_2_beta_0.35	0.0600000000559	920.83	0	13	8	65	43	11	11	26	25	18	0.322784810127	0.916666666667	True
exc_3_beta_0.35	0.0600000000559	920.8	0	13	7	65	34	11	11	26	17	17	0.474683544304	0.842490842491	True
exc_4_beta_0.35	0.0600000000559	921.04	0	13	7	65	33	11	11	26	13	20	0.481012658228	0.897435897436	True
exc_5_beta_0.35	0.0400000000373	921.13	0	13	7	65	31	11	11	26	14	17	0.493670886076	0.811172161172	True
exc_6_beta_0.35	0.0400000000373	921.55	0	13	7	65	31	11	11	26	15	16	0.493670886076	0.814102564103	True
exc_7_beta_0.35	0.059999999823	920.81	0	13	7	65	32	11	11	26	15	17	0.487341772152	0.838644688645	True
exc_8_beta_0.35	0.0699999998324	921.06	0	13	7	65	33	11	11	26	14	19	0.481012658228	0.897435897436	True
exc_9_beta_0.35	0.0700000000652	920.83	0	13	8	65	43	11	11	26	24	19	0.322784810127	0.889423076923	True
exc_10_beta_0.35	0.0500000000466	920.76	0	13	7	65	34	11	11	26	16	18	0.474683544304	0.850549450549	True
exc_11_beta_0.35	0.0799999998417	920.79	0	13	7	65	30	11	11	26	14	16	0.5	0.832417582418	True
exc_0_beta_0.3	0.0600000000559	921.15	0	13	8	65	42	11	11	26	25	17	0.329113924051	0.897836538462	True
exc_1_beta_0.3	0.0400000000373	920.65	0	13	8	65	43	11	11	26	24	19	0.322784810127	0.923076923077	True
exc_2_beta_0.3	0.0600000000559	920.97	0	13	8	65	43	11	11	26	25	18	0.322784810127	0.916666666667	True
exc_3_beta_0.3	0.0399999998044	920.37	0	13	7	65	34	11	11	26	17	17	0.474683544304	0.842490842491	True
exc_4_beta_0.3	0.0600000000559	920.69	0	13	8	65	43	11	11	26	25	18	0.322784810127	0.916666666667	True
exc_5_beta_0.3	0.0600000000559	920.3	0	13	8	65	43	11	11	26	25	18	0.322784810127	0.916666666667	True
exc_6_beta_0.3	0.0700000000652	920.44	0	13	8	65	43	11	11	26	25	18	0.322784810127	0.916666666667	True
exc_7_beta_0.3	0.0600000000559	920.52	0	13	7	65	32	11	11	26	15	17	0.487341772152	0.838644688645	True
exc_8_beta_0.3	0.0600000000559	920.33	0	13	8	65	43	11	11	26	24	19	0.322784810127	0.923076923077	True
exc_9_beta_0.3	0.0600000000559	920.41	0	13	8	65	43	11	11	26	24	19	0.322784810127	0.889423076923	True
exc_10_beta_0.3	0.059999999823	920.27	0	13	8	65	42	11	11	26	25	17	0.329113924051	0.855929487179	True
exc_11_beta_0.3	0.0499999998137	920.46	0	13	8	65	43	11	11	26	24	19	0.322784810127	0.916666666667	True
exc_0_beta_0.25	0.059999999823	920.93	0	13	8	65	42	11	11	26	25	17	0.329113924051	0.897836538462	True
exc_1_beta_0.25	0.0600000000559	921.05	0	13	9	65	49	11	11	26	29	20	0.177215189873	0.935897435897	True
exc_2_beta_0.25	0.0699999998324	920.58	0	13	9	65	49	11	11	26	29	20	0.177215189873	0.935897435897	True
exc_3_beta_0.25	0.0699999998324	920.26	0	13	9	65	49	11	11	26	29	20	0.177215189873	0.935897435897	True
exc_4_beta_0.25	0.0699999998324	920.82	0	13	9	65	49	11	11	26	29	20	0.177215189873	0.935897435897	True
exc_5_beta_0.25	0.0400000000373	919.46	0	13	9	65	49	11	11	26	29	20	0.177215189873	0.935897435897	True
exc_6_beta_0.25	0.0600000000559	918.11	0	13	8	65	43	11	11	26	25	18	0.322784810127	0.916666666667	True
exc_7_beta_0.25	0.0400000000373	920.02	0	13	8	65	40	11	11	26	25	15	0.341772151899	0.802884615385	True
exc_8_beta_0.25	0.0300000000279	917.45	0	13	9	65	49	11	11	26	29	20	0.177215189873	0.935897435897	True
exc_9_beta_0.25	0.0600000000559	920.8	0	13	8	65	43	11	11	26	24	19	0.322784810127	0.889423076923	True
exc_10_beta_0.25	0.059999999823	921.14	0	13	9	65	48	11	11	26	29	19	0.183544303797	0.888888888889	True
exc_11_beta_0.25	0.0600000000559	920.63	0	13	8	65	43	11	11	26	24	19	0.322784810127	0.916666666667	True
exc_0_beta_0.2	1.30999999982	922.46	0	13	10	65	54	11	11	26	30	24	0.0253164556962	0.926602564103	True
exc_1_beta_0.2	0.0600000000559	920.95	0	13	10	65	54	11	11	26	32	22	0.0253164556962	0.955128205128	True
exc_2_beta_0.2	0.059999999823	920.82	0	13	10	65	54	11	11	26	32	22	0.0253164556962	0.955128205128	True
exc_3_beta_0.2	0.0399999998044	920.79	0	13	10	65	54	11	11	26	32	22	0.0253164556962	0.955128205128	True
exc_4_beta_0.2	0.0600000000559	920.67	0	13	10	65	54	11	11	26	32	22	0.0253164556962	0.955128205128	True
exc_5_beta_0.2	0.0600000000559	921.79	0	13	10	65	54	11	11	26	32	22	0.0253164556962	0.955128205128	True
exc_6_beta_0.2	0.0600000000559	920.98	0	13	10	65	54	11	11	26	32	22	0.0253164556962	0.955128205128	True
exc_7_beta_0.2	0.0600000000559	920.6	0	13	10	65	52	11	11	26	32	20	0.0379746835443	0.910897435897	True
exc_8_beta_0.2	0.059999999823	920.6	0	13	10	65	54	11	11	26	32	22	0.0253164556962	0.955128205128	True
exc_9_beta_0.2	0.0600000000559	921.08	0	13	10	65	54	11	11	26	31	23	0.0253164556962	0.932051282051	True
exc_10_beta_0.2	0.0399999998044	921.24	0	13	10	65	53	11	11	26	32	21	0.0316455696203	0.910897435897	True
exc_11_beta_0.2	0.0400000000373	920.67	0	13	10	65	54	11	11	26	32	22	0.0253164556962	0.955128205128	True
exc_0_beta_0.15	0.059999999823	920.77	0	13	12	65	62	11	11	26	34	28	-0.303797468354	0.967147435897	True
exc_1_beta_0.15	0.0600000000559	920.44	0	13	11	65	58	11	11	26	34	24	-0.132911392405	0.974358974359	True
exc_2_beta_0.15	0.0600000000559	920.4	0	13	11	65	58	11	11	26	34	24	-0.132911392405	0.974358974359	True
exc_3_beta_0.15	0.0600000000559	920.42	0	13	11	65	58	11	11	26	34	24	-0.132911392405	0.974358974359	True
exc_4_beta_0.15	0.0500000000466	921.61	0	13	11	65	58	11	11	26	34	24	-0.132911392405	0.974358974359	True
exc_5_beta_0.15	0.0399999998044	920.93	0	13	11	65	58	11	11	26	34	24	-0.132911392405	0.974358974359	True
exc_6_beta_0.15	0.0399999998044	920.62	0	13	11	65	58	11	11	26	34	24	-0.132911392405	0.974358974359	True
exc_7_beta_0.15	0.0600000000559	920.9	0	13	12	65	61	11	11	26	33	28	-0.29746835443	0.96047008547	True
exc_8_beta_0.15	0.0600000000559	920.72	0	13	11	65	58	11	11	26	34	24	-0.132911392405	0.974358974359	True
exc_9_beta_0.15	0.0400000000373	920.6	0	13	11	65	58	11	11	26	34	24	-0.132911392405	0.974358974359	True
exc_10_beta_0.15	0.0600000000559	920.82	0	13	11	65	57	11	11	26	34	23	-0.126582278481	0.932400932401	True
exc_11_beta_0.15	0.0499999998137	920.74	0	13	11	65	58	11	11	26	33	25	-0.132911392405	0.960372960373	True
exc_0_beta_0.1	0.0600000000559	920.55	0	13	13	65	66	11	11	26	35	31	-0.487341772152	0.980769230769	True
exc_1_beta_0.1	0.0600000000559	920.19	0	13	13	65	66	11	11	26	36	30	-0.487341772152	1.0	True
exc_2_beta_0.1	0.0700000000652	920.62	0	13	13	65	66	11	11	26	36	30	-0.487341772152	1.0	True
exc_3_beta_0.1	0.0600000000559	920.24	0	13	13	65	66	11	11	26	36	30	-0.487341772152	1.0	True
exc_4_beta_0.1	0.059999999823	920.52	0	13	13	65	66	11	11	26	36	30	-0.487341772152	1.0	True
exc_5_beta_0.1	0.0400000000373	926.23	0	13	13	65	66	11	11	26	36	30	-0.487341772152	1.0	True
exc_6_beta_0.1	0.0400000000373	920.71	0	13	13	65	66	11	11	26	36	30	-0.487341772152	1.0	True
exc_7_beta_0.1	0.0600000000559	921.16	0	13	13	65	65	11	11	26	34	31	-0.481012658228	0.974358974359	True
exc_8_beta_0.1	0.0600000000559	920.07	0	13	13	65	66	11	11	26	36	30	-0.487341772152	1.0	True
exc_9_beta_0.1	0.0600000000559	920.65	0	13	13	65	66	11	11	26	36	30	-0.487341772152	1.0	True
exc_10_beta_0.1	0.0600000000559	920.22	0	13	13	65	65	11	11	26	36	29	-0.481012658228	0.967948717949	True
exc_11_beta_0.1	0.0400000000373	920.07	0	13	13	65	66	11	11	26	36	30	-0.487341772152	1.0	True
exc_0_beta_0.05	0.059999999823	919.32	0	13	13	65	66	11	11	26	35	31	-0.487341772152	0.980769230769	True
exc_1_beta_0.05	0.0600000000559	916.24	0	13	13	65	66	11	11	26	36	30	-0.487341772152	1.0	True
exc_2_beta_0.05	0.0399999998044	919.74	0	13	13	65	66	11	11	26	36	30	-0.487341772152	1.0	True
exc_3_beta_0.05	0.0400000000373	917.53	0	13	13	65	66	11	11	26	36	30	-0.487341772152	1.0	True
exc_4_beta_0.05	0.0400000000373	920.88	0	13	13	65	66	11	11	26	36	30	-0.487341772152	1.0	True
exc_5_beta_0.05	0.0600000000559	920.16	0	13	13	65	66	11	11	26	36	30	-0.487341772152	1.0	True
exc_6_beta_0.05	0.059999999823	921.06	0	13	13	65	66	11	11	26	36	30	-0.487341772152	1.0	True
exc_7_beta_0.05	0.0400000000373	920.52	0	13	13	65	65	11	11	26	34	31	-0.481012658228	0.974358974359	True
exc_8_beta_0.05	0.0400000000373	921.12	0	13	13	65	66	11	11	26	36	30	-0.487341772152	1.0	True
exc_9_beta_0.05	0.0500000000466	919.99	0	13	13	65	66	11	11	26	36	30	-0.487341772152	1.0	True
exc_10_beta_0.05	0.0600000000559	920.77	0	13	13	65	65	11	11	26	36	29	-0.481012658228	0.967948717949	True
exc_11_beta_0.05	0.059999999823	920.16	0	13	13	65	66	11	11	26	36	30	-0.487341772152	1.0	True
exc_0_beta_0.0	0.0600000000559	1.84000000008	0	13	14	65	67	11	11	26	36	31	-0.664556962025	0.973214285714	True
exc_1_beta_0.0	0.0500000000466	1.35999999987	0	13	14	65	67	11	11	26	36	31	-0.664556962025	1.0	True
exc_2_beta_0.0	0.0500000000466	0.620000000112	0	13	14	65	68	11	11	26	37	31	-0.670886075949	1.0	True
exc_3_beta_0.0	0.0500000000466	0.450000000186	0	13	14	65	69	11	11	26	37	32	-0.677215189873	0.988095238095	True
exc_4_beta_0.0	0.0400000000373	3.75000000023	0	13	14	65	67	11	11	26	36	31	-0.664556962025	1.0	True
exc_5_beta_0.0	0.0600000000559	2.0	0	13	14	65	67	11	11	26	36	31	-0.664556962025	1.0	True
exc_6_beta_0.0	0.0600000000559	7.04000000004	0	13	14	65	68	11	11	26	36	32	-0.670886075949	0.982142857143	True
exc_7_beta_0.0	0.059999999823	0.540000000037	0	13	14	65	68	11	11	26	36	32	-0.670886075949	0.97619047619	True
exc_8_beta_0.0	0.0400000000373	7.64999999991	0	13	14	65	67	11	11	26	36	31	-0.664556962025	0.982142857143	True
exc_9_beta_0.0	0.059999999823	4.37999999989	0	13	14	65	68	11	11	26	37	31	-0.670886075949	1.0	True
exc_10_beta_0.0	0.0600000000559	2.37999999989	0	13	14	65	67	11	11	26	36	31	-0.664556962025	0.982142857143	True
exc_11_beta_0.0	0.0600000000559	0.790000000037	0	13	14	65	68	11	11	26	37	31	-0.670886075949	1.0	True
