info	GenerationTime	ExecutionTime	PlanTime	NumRoles(Before)	NumRoles(After)	NumAss(Before)	NumAss(After)	numUsers	NumPermessi	numAssUPA	numAssUA	numAssPA	opt	sim	ResultCompliance
exc_0_beta_1.0	0.059999999823	10.1499999999	0	13	8	65	33	11	11	26	18	15	0.386075949367	0.738621794872	True
exc_1_beta_1.0	0.0400000000373	10.1600000001	0	13	8	65	30	11	11	26	15	15	0.405063291139	0.810176282051	True
exc_2_beta_1.0	0.0600000000559	11.2800000003	0	13	8	65	33	11	11	26	19	14	0.386075949367	0.732211538462	True
exc_3_beta_1.0	0.0499999998137	10.8699999999	0	13	7	65	28	11	11	26	16	12	0.512658227848	0.725732600733	True
exc_4_beta_1.0	0.0600000000559	10.9700000002	0	13	8	65	30	11	11	26	16	14	0.405063291139	0.759695512821	True
exc_5_beta_1.0	0.0400000000373	10.6899999997	0	13	7	65	29	11	11	26	14	15	0.506329113924	0.765567765568	True
exc_6_beta_1.0	0.120000000112	10.25	0	13	7	65	30	11	11	26	15	15	0.5	0.765567765568	True
exc_7_beta_1.0	0.0600000000559	10.1200000001	0	13	7	65	29	11	11	26	14	15	0.506329113924	0.765842490842	True
exc_8_beta_1.0	0.0399999998044	10.1499999999	0	13	8	65	34	11	11	26	20	14	0.379746835443	0.825801282051	True
exc_9_beta_1.0	0.0600000000559	10.7399999998	0	13	7	65	30	11	11	26	12	18	0.5	0.790293040293	True
exc_10_beta_1.0	0.0600000000559	10.1000000001	0	13	7	65	30	11	11	26	14	16	0.5	0.795604395604	True
exc_11_beta_1.0	0.0600000000559	10.2	0	13	7	65	30	11	11	26	15	15	0.5	0.792124542125	True
exc_0_beta_0.95	0.0600000000559	10.1699999999	0	13	7	65	30	11	11	26	11	19	0.5	0.82673992674	True
exc_1_beta_0.95	0.0600000000559	10.0800000001	0	13	8	65	33	11	11	26	19	14	0.386075949367	0.779017857143	True
exc_2_beta_0.95	0.0499999998137	10.1299999999	0	13	8	65	34	11	11	26	17	17	0.379746835443	0.857772435897	True
exc_3_beta_0.95	0.059999999823	10.1499999999	0	13	7	65	28	11	11	26	16	12	0.512658227848	0.692765567766	True
exc_4_beta_0.95	0.0400000000373	10.49	0	13	7	65	30	11	11	26	15	15	0.5	0.792124542125	True
exc_5_beta_0.95	0.0700000000652	10.9399999999	0	13	7	65	30	11	11	26	14	16	0.5	0.799450549451	True
exc_6_beta_0.95	0.0600000000559	10.9400000002	0	13	7	65	30	11	11	26	15	15	0.5	0.765842490842	True
exc_7_beta_0.95	0.0700000000652	10.8600000001	0	13	7	65	29	11	11	26	14	15	0.506329113924	0.728754578755	True
exc_8_beta_0.95	0.0699999998324	10.3299999996	0	13	7	65	29	11	11	26	15	14	0.506329113924	0.747710622711	True
exc_9_beta_0.95	0.0400000000373	12.3900000001	0	13	8	65	32	11	11	26	16	16	0.392405063291	0.780368589744	True
exc_10_beta_0.95	0.0499999998137	12.1699999999	0	13	7	65	30	11	11	26	15	15	0.5	0.740659340659	True
exc_11_beta_0.95	0.0700000000652	12.0700000001	0	13	7	65	28	11	11	26	14	14	0.512658227848	0.7413003663	True
exc_0_beta_0.9	0.0500000000466	12.5999999999	0	13	7	65	30	11	11	26	11	19	0.5	0.82673992674	True
exc_1_beta_0.9	0.0500000000466	12.1500000001	0	13	8	65	33	11	11	26	19	14	0.386075949367	0.779017857143	True
exc_2_beta_0.9	0.0500000000466	12.1400000001	0	13	8	65	34	11	11	26	17	17	0.379746835443	0.857772435897	True
exc_3_beta_0.9	0.0700000000652	12.1699999999	0	13	7	65	28	11	11	26	16	12	0.512658227848	0.692765567766	True
exc_4_beta_0.9	0.0500000000466	12.1700000002	0	13	7	65	30	11	11	26	15	15	0.5	0.792124542125	True
exc_5_beta_0.9	0.0500000000466	12.2899999998	0	13	7	65	30	11	11	26	14	16	0.5	0.799450549451	True
exc_6_beta_0.9	0.0400000000373	12.1100000001	0	13	7	65	30	11	11	26	15	15	0.5	0.765842490842	True
exc_7_beta_0.9	0.0699999998324	13.1299999999	0	13	7	65	29	11	11	26	14	15	0.506329113924	0.728754578755	True
exc_8_beta_0.9	0.0900000000838	12.8499999999	0	13	7	65	29	11	11	26	15	14	0.506329113924	0.747710622711	True
exc_9_beta_0.9	0.0800000000745	12.76	0	13	8	65	32	11	11	26	16	16	0.392405063291	0.780368589744	True
exc_10_beta_0.9	0.0700000000652	13.0600000001	0	13	7	65	30	11	11	26	15	15	0.5	0.740659340659	True
exc_11_beta_0.9	0.089999999851	14.1499999999	0	13	7	65	28	11	11	26	14	14	0.512658227848	0.7413003663	True
exc_0_beta_0.85	0.0600000000559	14.1899999999	0	13	7	65	30	11	11	26	11	19	0.5	0.82673992674	True
exc_1_beta_0.85	0.0600000000559	14.1900000002	0	13	8	65	33	11	11	26	19	14	0.386075949367	0.779017857143	True
exc_2_beta_0.85	0.059999999823	14.1499999999	0	13	8	65	34	11	11	26	17	17	0.379746835443	0.857772435897	True
exc_3_beta_0.85	0.0900000000838	14.7799999998	0	13	7	65	28	11	11	26	16	12	0.512658227848	0.692765567766	True
exc_4_beta_0.85	0.0900000000838	14.6400000001	0	13	7	65	30	11	11	26	15	15	0.5	0.792124542125	True
exc_5_beta_0.85	0.0600000000559	14.1500000001	0	13	7	65	30	11	11	26	14	16	0.5	0.799450549451	True
exc_6_beta_0.85	0.0799999998417	14.2099999997	0	13	7	65	30	11	11	26	15	15	0.5	0.765842490842	True
exc_7_beta_0.85	0.0600000000559	14.1800000002	0	13	7	65	29	11	11	26	14	15	0.506329113924	0.728754578755	True
exc_8_beta_0.85	0.0800000000745	14.1800000002	0	13	7	65	29	11	11	26	15	14	0.506329113924	0.747710622711	True
exc_9_beta_0.85	0.0500000000466	14.1300000001	0	13	7	65	29	11	11	26	12	17	0.506329113924	0.757326007326	True
exc_10_beta_0.85	0.059999999823	15.2199999997	0	13	7	65	30	11	11	26	15	15	0.5	0.740659340659	True
exc_11_beta_0.85	0.0500000000466	14.7100000002	0	13	7	65	28	11	11	26	14	14	0.512658227848	0.7413003663	True
exc_0_beta_0.8	0.0900000000838	14.8	0	13	7	65	30	11	11	26	11	19	0.5	0.82673992674	True
exc_1_beta_0.8	0.0500000000466	14.7000000002	0	13	8	65	33	11	11	26	19	14	0.386075949367	0.779017857143	True
exc_2_beta_0.8	0.0799999998417	14.1799999997	0	13	8	65	34	11	11	26	17	17	0.379746835443	0.857772435897	True
exc_3_beta_0.8	0.089999999851	14.21	0	13	7	65	28	11	11	26	16	12	0.512658227848	0.692765567766	True
exc_4_beta_0.8	0.0600000000559	14.1499999999	0	13	7	65	30	11	11	26	15	15	0.5	0.792124542125	True
exc_5_beta_0.8	0.0900000000838	14.3300000001	0	13	7	65	30	11	11	26	14	16	0.5	0.799450549451	True
exc_6_beta_0.8	0.760000000009	15.1099999999	0	13	7	65	30	11	11	26	15	15	0.5	0.765842490842	True
exc_7_beta_0.8	0.0800000000745	14.2200000002	0	13	7	65	29	11	11	26	14	15	0.506329113924	0.728754578755	True
exc_8_beta_0.8	0.0500000000466	14.1900000002	0	13	7	65	29	11	11	26	15	14	0.506329113924	0.747710622711	True
exc_9_beta_0.8	0.0799999998417	14.3499999999	0	13	7	65	29	11	11	26	12	17	0.506329113924	0.757326007326	True
exc_10_beta_0.8	0.0500000000466	14.27	0	13	7	65	30	11	11	26	15	15	0.5	0.740659340659	True
exc_11_beta_0.8	0.0600000000559	14.1200000001	0	13	7	65	28	11	11	26	14	14	0.512658227848	0.7413003663	True
exc_0_beta_0.75	0.0800000000745	14.4800000002	0	13	7	65	30	11	11	26	11	19	0.5	0.82673992674	True
exc_1_beta_0.75	0.089999999851	15.0199999998	0	13	8	65	33	11	11	26	19	14	0.386075949367	0.779017857143	True
exc_2_beta_0.75	0.0799999998417	14.9399999999	0	13	8	65	34	11	11	26	17	17	0.379746835443	0.857772435897	True
exc_3_beta_0.75	0.100000000093	14.9600000002	0	13	7	65	28	11	11	26	16	12	0.512658227848	0.692765567766	True
exc_4_beta_0.75	0.059999999823	14.7	0	13	7	65	30	11	11	26	15	15	0.5	0.792124542125	True
exc_5_beta_0.75	0.059999999823	14.2299999997	0	13	7	65	30	11	11	26	14	16	0.5	0.799450549451	True
exc_6_beta_0.75	0.0799999998417	14.28	0	13	7	65	30	11	11	26	15	15	0.5	0.765842490842	True
exc_7_beta_0.75	0.0600000000559	14.2400000002	0	13	7	65	29	11	11	26	14	15	0.506329113924	0.728754578755	True
exc_8_beta_0.75	0.0800000000745	14.8400000001	0	13	7	65	29	11	11	26	15	14	0.506329113924	0.747710622711	True
exc_9_beta_0.75	0.0800000000745	14.28	0	13	7	65	29	11	11	26	12	17	0.506329113924	0.757326007326	True
exc_10_beta_0.75	0.0800000000745	14.25	0	13	7	65	30	11	11	26	15	15	0.5	0.740659340659	True
exc_11_beta_0.75	0.089999999851	14.25	0	13	7	65	28	11	11	26	14	14	0.512658227848	0.7413003663	True
exc_0_beta_0.7	0.059999999823	14.2799999998	0	13	7	65	30	11	11	26	11	19	0.5	0.82673992674	True
exc_1_beta_0.7	0.089999999851	14.22	0	13	8	65	30	11	11	26	14	16	0.405063291139	0.800080128205	True
exc_2_beta_0.7	0.0900000000838	14.3	0	13	8	65	34	11	11	26	17	17	0.379746835443	0.857772435897	True
exc_3_beta_0.7	0.089999999851	15.1699999999	0	13	7	65	28	11	11	26	16	12	0.512658227848	0.692765567766	True
exc_4_beta_0.7	0.0999999998603	14.7100000002	0	13	7	65	30	11	11	26	15	15	0.5	0.792124542125	True
exc_5_beta_0.7	0.0700000000652	14.78	0	13	7	65	30	11	11	26	14	16	0.5	0.799450549451	True
exc_6_beta_0.7	0.0800000000745	14.6000000001	0	13	7	65	30	11	11	26	15	15	0.5	0.765842490842	True
exc_7_beta_0.7	0.0900000000838	14.2299999997	0	13	7	65	29	11	11	26	14	15	0.506329113924	0.728754578755	True
exc_8_beta_0.7	0.0799999998417	14.1399999999	0	13	7	65	29	11	11	26	15	14	0.506329113924	0.747710622711	True
exc_9_beta_0.7	0.0800000000745	14.1600000001	0	13	7	65	29	11	11	26	12	17	0.506329113924	0.757326007326	True
exc_10_beta_0.7	0.0500000000466	14.1400000001	0	13	7	65	30	11	11	26	15	15	0.5	0.740659340659	True
exc_11_beta_0.7	0.0600000000559	15.7099999997	0	13	7	65	28	11	11	26	14	14	0.512658227848	0.7413003663	True
exc_0_beta_0.65	0.0700000000652	15.4100000001	0	13	7	65	30	11	11	26	11	19	0.5	0.82673992674	True
exc_1_beta_0.65	0.130000000121	14.2400000002	0	13	8	65	33	11	11	26	19	14	0.386075949367	0.779017857143	True
exc_2_beta_0.65	0.0800000000745	14.1599999999	0	13	8	65	34	11	11	26	17	17	0.379746835443	0.857772435897	True
exc_3_beta_0.65	0.0500000000466	14.1499999999	0	13	7	65	28	11	11	26	16	12	0.512658227848	0.692765567766	True
exc_4_beta_0.65	0.0800000000745	14.1300000001	0	13	7	65	30	11	11	26	15	15	0.5	0.792124542125	True
exc_5_beta_0.65	0.0799999998417	14.1799999999	0	13	7	65	30	11	11	26	14	16	0.5	0.799450549451	True
exc_6_beta_0.65	0.0400000000373	15.1900000002	0	13	7	65	30	11	11	26	15	15	0.5	0.765842490842	True
exc_7_beta_0.65	0.0600000000559	14.6900000002	0	13	7	65	29	11	11	26	14	15	0.506329113924	0.728754578755	True
exc_8_beta_0.65	0.0799999998417	14.6499999997	0	13	7	65	29	11	11	26	15	14	0.506329113924	0.747710622711	True
exc_9_beta_0.65	0.0900000000838	14.6500000001	0	13	7	65	30	11	11	26	14	16	0.5	0.768315018315	True
exc_10_beta_0.65	0.0799999998417	14.1399999999	0	13	7	65	30	11	11	26	15	15	0.5	0.740659340659	True
exc_11_beta_0.65	0.0800000000745	14.24	0	13	7	65	28	11	11	26	14	14	0.512658227848	0.7413003663	True
exc_0_beta_0.6	0.919999999925	15.0999999999	0	13	7	65	29	11	11	26	15	14	0.506329113924	0.774267399267	True
exc_1_beta_0.6	0.089999999851	14.55	0	13	8	65	30	11	11	26	14	16	0.405063291139	0.795512820513	True
exc_2_beta_0.6	0.0600000000559	14.1300000001	0	13	8	65	34	11	11	26	17	17	0.379746835443	0.857772435897	True
exc_3_beta_0.6	0.0799999998417	14.1599999999	0	13	7	65	29	11	11	26	16	13	0.506329113924	0.74358974359	True
exc_4_beta_0.6	0.0600000000559	14.1399999997	0	13	7	65	30	11	11	26	15	15	0.5	0.792124542125	True
exc_5_beta_0.6	0.0900000000838	14.1600000001	0	13	7	65	29	11	11	26	13	16	0.506329113924	0.7836996337	True
exc_6_beta_0.6	0.0800000000745	14.1500000001	0	13	7	65	29	11	11	26	15	14	0.506329113924	0.774267399267	True
exc_7_beta_0.6	0.089999999851	14.1599999999	0	13	7	65	29	11	11	26	14	15	0.506329113924	0.728754578755	True
exc_8_beta_0.6	0.0800000000745	14.3699999999	0	13	7	65	29	11	11	26	15	14	0.506329113924	0.747710622711	True
exc_9_beta_0.6	0.0999999998603	14.96	0	13	7	65	30	11	11	26	14	16	0.5	0.768315018315	True
exc_10_beta_0.6	0.0600000000559	14.8199999998	0	13	7	65	30	11	11	26	15	15	0.5	0.740659340659	True
exc_11_beta_0.6	0.0999999998603	14.76	0	13	7	65	28	11	11	26	14	14	0.512658227848	0.737179487179	True
exc_0_beta_0.55	0.0900000000838	14.5599999998	0	13	7	65	29	11	11	26	15	14	0.506329113924	0.774267399267	True
exc_1_beta_0.55	0.0500000000466	14.1000000001	0	13	8	65	31	11	11	26	14	17	0.398734177215	0.850560897436	True
exc_2_beta_0.55	0.0600000000559	14.1200000001	0	13	8	65	32	11	11	26	15	17	0.392405063291	0.815705128205	True
exc_3_beta_0.55	0.0600000000559	14.3099999998	0	13	7	65	28	11	11	26	15	13	0.512658227848	0.776556776557	True
exc_4_beta_0.55	0.089999999851	14.51	0	13	7	65	29	11	11	26	15	14	0.506329113924	0.774267399267	True
exc_5_beta_0.55	0.0799999998417	14.23	0	13	7	65	30	11	11	26	14	16	0.5	0.7836996337	True
exc_6_beta_0.55	0.0799999998417	14.1899999999	0	13	7	65	29	11	11	26	14	15	0.506329113924	0.765842490842	True
exc_7_beta_0.55	0.0800000000745	14.2099999997	0	13	7	65	30	11	11	26	15	15	0.5	0.759157509158	True
exc_8_beta_0.55	0.0800000000745	14.24	0	13	7	65	29	11	11	26	13	16	0.506329113924	0.7836996337	True
exc_9_beta_0.55	0.0900000000838	14.2100000002	0	13	7	65	29	11	11	26	13	16	0.506329113924	0.739468864469	True
exc_10_beta_0.55	0.0500000000466	14.2200000002	0	13	7	65	30	11	11	26	14	16	0.5	0.79304029304	True
exc_11_beta_0.55	0.0500000000466	14.9099999999	0	13	7	65	29	11	11	26	12	17	0.506329113924	0.814102564103	True
exc_0_beta_0.5	0.0999999998603	14.8999999999	0	13	7	65	30	11	11	26	15	15	0.5	0.765842490842	True
exc_1_beta_0.5	0.100000000093	14.8699999999	0	13	8	65	34	11	11	26	18	16	0.379746835443	0.845993589744	True
exc_2_beta_0.5	0.0900000000838	14.6700000002	0	13	8	65	33	11	11	26	18	15	0.386075949367	0.857451923077	True
exc_3_beta_0.5	0.0800000000745	14.1800000002	0	13	7	65	28	11	11	26	15	13	0.512658227848	0.714743589744	True
exc_4_beta_0.5	0.0499999998137	14.1899999999	0	13	7	65	29	11	11	26	15	14	0.506329113924	0.774267399267	True
exc_5_beta_0.5	0.0799999998417	14.2199999997	0	13	7	65	30	11	11	26	14	16	0.5	0.820787545788	True
exc_6_beta_0.5	0.0800000000745	14.1600000001	0	13	7	65	29	11	11	26	14	15	0.506329113924	0.765842490842	True
exc_7_beta_0.5	0.089999999851	14.73	0	13	7	65	30	11	11	26	14	16	0.5	0.736813186813	True
exc_8_beta_0.5	0.0799999998417	14.2299999997	0	13	7	65	29	11	11	26	14	15	0.506329113924	0.765842490842	True
exc_9_beta_0.5	0.0500000000466	14.4299999999	0	13	7	65	29	11	11	26	13	16	0.506329113924	0.739468864469	True
exc_10_beta_0.5	0.0800000000745	14.2	0	13	7	65	31	11	11	26	16	15	0.493670886076	0.777472527473	True
exc_11_beta_0.5	0.0600000000559	14.3500000001	0	13	7	65	29	11	11	26	13	16	0.506329113924	0.799450549451	True
exc_0_beta_0.45	0.0900000000838	14.1899999999	0	13	7	65	30	11	11	26	15	15	0.5	0.765842490842	True
exc_1_beta_0.45	0.0600000000559	14.1499999999	0	13	8	65	34	11	11	26	18	16	0.379746835443	0.845993589744	True
exc_2_beta_0.45	0.0600000000559	15.2100000002	0	13	8	65	31	11	11	26	14	17	0.398734177215	0.851041666667	True
exc_3_beta_0.45	0.0800000000745	14.95	0	13	7	65	30	11	11	26	14	16	0.5	0.773901098901	True
exc_4_beta_0.45	0.0800000000745	14.6700000002	0	13	7	65	29	11	11	26	15	14	0.506329113924	0.774267399267	True
exc_5_beta_0.45	0.0900000000838	14.79	0	13	7	65	30	11	11	26	14	16	0.5	0.820787545788	True
exc_6_beta_0.45	0.0800000000745	14.1900000002	0	13	7	65	29	11	11	26	14	15	0.506329113924	0.765842490842	True
exc_7_beta_0.45	0.0600000000559	14.2400000002	0	13	7	65	30	11	11	26	14	16	0.5	0.736813186813	True
exc_8_beta_0.45	0.0799999998417	14.3400000001	0	13	7	65	29	11	11	26	14	15	0.506329113924	0.765842490842	True
exc_9_beta_0.45	0.0600000000559	14.4799999997	0	13	7	65	29	11	11	26	13	16	0.506329113924	0.739468864469	True
exc_10_beta_0.45	0.0700000000652	14.73	0	13	7	65	31	11	11	26	16	15	0.493670886076	0.777472527473	True
exc_11_beta_0.45	0.0800000000745	14.1699999999	0	13	7	65	29	11	11	26	13	16	0.506329113924	0.799450549451	True
exc_0_beta_0.4	0.0799999998417	14.1699999999	0	13	8	65	42	11	11	26	24	18	0.329113924051	0.897836538462	True
exc_1_beta_0.4	0.0500000000466	14.29	0	13	8	65	43	11	11	26	24	19	0.322784810127	0.923076923077	True
exc_2_beta_0.4	0.0799999998417	14.21	0	13	8	65	41	11	11	26	24	17	0.335443037975	0.855929487179	True
exc_3_beta_0.4	0.0799999998417	14.1299999999	0	13	7	65	31	11	11	26	13	18	0.493670886076	0.838644688645	True
exc_4_beta_0.4	0.0900000000838	14.46	0	13	7	65	31	11	11	26	15	16	0.493670886076	0.814102564103	True
exc_5_beta_0.4	0.0900000000838	15.0900000003	0	13	7	65	31	11	11	26	14	17	0.493670886076	0.85347985348	True
exc_6_beta_0.4	0.0600000000559	14.95	0	13	8	65	42	11	11	26	23	19	0.329113924051	0.916666666667	True
exc_7_beta_0.4	0.059999999823	14.73	0	13	7	65	31	11	11	26	15	16	0.493670886076	0.820787545788	True
exc_8_beta_0.4	0.0900000000838	14.5099999998	0	13	7	65	32	11	11	26	14	18	0.487341772152	0.842490842491	True
exc_9_beta_0.4	0.0900000000838	14.1000000001	0	13	8	65	42	11	11	26	24	18	0.329113924051	0.916666666667	True
exc_10_beta_0.4	0.110000000102	14.2100000002	0	13	7	65	31	11	11	26	16	15	0.493670886076	0.740659340659	True
exc_11_beta_0.4	0.059999999823	14.1499999997	0	13	7	65	33	11	11	26	15	18	0.481012658228	0.829487179487	True
exc_0_beta_0.35	0.0800000000745	14.6500000001	0	13	8	65	42	11	11	26	24	18	0.329113924051	0.897836538462	True
exc_1_beta_0.35	0.0800000000745	14.1500000001	0	13	8	65	43	11	11	26	24	19	0.322784810127	0.923076923077	True
exc_2_beta_0.35	0.0800000000745	14.2199999997	0	13	8	65	41	11	11	26	24	17	0.335443037975	0.855929487179	True
exc_3_beta_0.35	0.0600000000559	14.1000000001	0	13	7	65	31	11	11	26	13	18	0.493670886076	0.838644688645	True
exc_4_beta_0.35	0.0900000000838	14.1300000001	0	13	8	65	43	11	11	26	25	18	0.322784810127	0.916666666667	True
exc_5_beta_0.35	0.0500000000466	14.1799999999	0	13	8	65	42	11	11	26	24	18	0.329113924051	0.86233974359	True
exc_6_beta_0.35	0.0500000000466	14.1099999999	0	13	8	65	42	11	11	26	23	19	0.329113924051	0.916666666667	True
exc_7_beta_0.35	0.059999999823	14.9099999999	0	13	7	65	31	11	11	26	15	16	0.493670886076	0.820787545788	True
exc_8_beta_0.35	0.0900000000838	14.7	0	13	8	65	43	11	11	26	24	19	0.322784810127	0.923076923077	True
exc_9_beta_0.35	0.0700000000652	14.9900000002	0	13	8	65	42	11	11	26	24	18	0.329113924051	0.916666666667	True
exc_10_beta_0.35	0.089999999851	14.7099999997	0	13	7	65	31	11	11	26	16	15	0.493670886076	0.740659340659	True
exc_11_beta_0.35	0.0900000000838	14.1500000001	0	13	8	65	42	11	11	26	24	18	0.329113924051	0.896474358974	True
exc_0_beta_0.3	0.0799999998417	14.1699999999	0	13	8	65	42	11	11	26	24	18	0.329113924051	0.897836538462	True
exc_1_beta_0.3	0.0600000000559	14.1599999999	0	13	8	65	43	11	11	26	24	19	0.322784810127	0.923076923077	True
exc_2_beta_0.3	0.0800000000745	14.0700000001	0	13	8	65	42	11	11	26	24	18	0.329113924051	0.86233974359	True
exc_3_beta_0.3	0.0800000000745	14.5299999998	0	13	9	65	48	11	11	26	28	20	0.183544303797	0.935897435897	True
exc_4_beta_0.3	0.0800000000745	14.1700000002	0	13	8	65	43	11	11	26	25	18	0.322784810127	0.916666666667	True
exc_5_beta_0.3	0.0800000000745	14.1600000001	0	13	9	65	49	11	11	26	29	20	0.177215189873	0.935897435897	True
exc_6_beta_0.3	0.0900000000838	14.1400000001	0	13	8	65	42	11	11	26	23	19	0.329113924051	0.916666666667	True
exc_7_beta_0.3	0.0900000000838	14.1799999999	0	13	8	65	40	11	11	26	24	16	0.341772151899	0.815705128205	True
exc_8_beta_0.3	0.059999999823	14.2	0	13	8	65	43	11	11	26	24	19	0.322784810127	0.923076923077	True
exc_9_beta_0.3	0.089999999851	14.1899999999	0	13	8	65	42	11	11	26	24	18	0.329113924051	0.916666666667	True
exc_10_beta_0.3	0.0900000000838	15.1799999999	0	13	8	65	42	11	11	26	25	17	0.329113924051	0.855929487179	True
exc_11_beta_0.3	0.0799999998417	14.6499999999	0	13	8	65	42	11	11	26	24	18	0.329113924051	0.896474358974	True
exc_0_beta_0.25	0.0900000000838	14.72	0	13	8	65	42	11	11	26	24	18	0.329113924051	0.897836538462	True
exc_1_beta_0.25	0.0900000000838	14.6499999999	0	13	9	65	48	11	11	26	29	19	0.183544303797	0.888888888889	True
exc_2_beta_0.25	0.059999999823	14.1099999999	0	13	9	65	48	11	11	26	27	21	0.183544303797	0.935897435897	True
exc_3_beta_0.25	0.0900000000838	14.1500000001	0	13	9	65	48	11	11	26	28	20	0.183544303797	0.935897435897	True
exc_4_beta_0.25	0.0800000000745	14.1299999999	0	13	10	65	53	11	11	26	31	22	0.0316455696203	0.955128205128	True
exc_5_beta_0.25	0.0900000000838	14.1200000001	0	13	9	65	49	11	11	26	29	20	0.177215189873	0.935897435897	True
exc_6_beta_0.25	0.100000000093	14.6200000001	0	13	9	65	49	11	11	26	28	21	0.177215189873	0.935897435897	True
exc_7_beta_0.25	0.059999999823	14.1499999999	0	13	10	65	52	11	11	26	32	20	0.0379746835443	0.910897435897	True
exc_8_beta_0.25	0.0800000000745	14.1399999999	0	13	8	65	43	11	11	26	24	19	0.322784810127	0.923076923077	True
exc_9_beta_0.25	0.0900000000838	14.2100000002	0	13	9	65	48	11	11	26	28	20	0.183544303797	0.891737891738	True
exc_10_beta_0.25	0.0800000000745	14.29	0	13	8	65	42	11	11	26	25	17	0.329113924051	0.855929487179	True
exc_11_beta_0.25	0.0500000000466	14.1900000002	0	13	9	65	49	11	11	26	29	20	0.177215189873	0.935897435897	True
exc_0_beta_0.2	0.0800000000745	14.1499999999	0	13	11	65	57	11	11	26	32	25	-0.126582278481	0.946386946387	True
exc_1_beta_0.2	0.089999999851	15.46	0	13	10	65	52	11	11	26	32	20	0.0379746835443	0.916666666667	True
exc_2_beta_0.2	0.0800000000745	14.6900000002	0	13	10	65	53	11	11	26	32	21	0.0316455696203	0.935897435897	True
exc_3_beta_0.2	0.0800000000745	14.7	0	13	10	65	53	11	11	26	31	22	0.0316455696203	0.955128205128	True
exc_4_beta_0.2	0.0600000000559	14.7	0	13	10	65	53	11	11	26	31	22	0.0316455696203	0.955128205128	True
exc_5_beta_0.2	0.0800000000745	14.1799999997	0	13	10	65	54	11	11	26	32	22	0.0253164556962	0.955128205128	True
exc_6_beta_0.2	0.0600000000559	14.1600000001	0	13	11	65	57	11	11	26	32	25	-0.126582278481	0.950174825175	True
exc_7_beta_0.2	0.0800000000745	14.1500000001	0	13	10	65	52	11	11	26	32	20	0.0379746835443	0.910897435897	True
exc_8_beta_0.2	0.0800000000745	14.3699999999	0	13	10	65	53	11	11	26	32	21	0.0316455696203	0.935897435897	True
exc_9_beta_0.2	0.0999999998603	14.1799999999	0	13	10	65	53	11	11	26	32	21	0.0316455696203	0.935897435897	True
exc_10_beta_0.2	0.089999999851	14.1599999999	0	13	11	65	57	11	11	26	33	24	-0.126582278481	0.939976689977	True
exc_11_beta_0.2	0.0600000000559	14.1899999999	0	13	10	65	54	11	11	26	31	23	0.0253164556962	0.955128205128	True
exc_0_beta_0.15	0.0500000000466	14.1800000002	0	13	12	65	62	11	11	26	34	28	-0.303797468354	0.967147435897	True
exc_1_beta_0.15	0.0799999998417	14.1599999999	0	13	13	65	66	11	11	26	36	30	-0.487341772152	1.0	True
exc_2_beta_0.15	0.0800000000745	14.23	0	13	11	65	58	11	11	26	34	24	-0.132911392405	0.974358974359	True
exc_3_beta_0.15	0.0600000000559	14.4599999997	0	13	11	65	58	11	11	26	33	25	-0.132911392405	0.967948717949	True
exc_4_beta_0.15	0.0600000000559	14.8	0	13	11	65	57	11	11	26	34	23	-0.126582278481	0.955128205128	True
exc_5_beta_0.15	0.0600000000559	14.77	0	13	12	65	62	11	11	26	35	27	-0.303797468354	0.987179487179	True
exc_6_beta_0.15	0.0700000000652	14.71	0	13	12	65	62	11	11	26	35	27	-0.303797468354	0.987179487179	True
exc_7_beta_0.15	0.0900000000838	14.3399999999	0	13	10	65	52	11	11	26	32	20	0.0379746835443	0.910897435897	True
exc_8_beta_0.15	0.0900000000838	14.1400000001	0	13	11	65	57	11	11	26	34	23	-0.126582278481	0.955128205128	True
exc_9_beta_0.15	0.0500000000466	14.1700000002	0	13	12	65	61	11	11	26	33	28	-0.29746835443	0.96047008547	True
exc_10_beta_0.15	0.0500000000466	14.1199999999	0	13	12	65	61	11	11	26	35	26	-0.29746835443	0.953525641026	True
exc_11_beta_0.15	0.0600000000559	14.6500000001	0	13	11	65	58	11	11	26	33	25	-0.132911392405	0.950174825175	True
exc_0_beta_0.1	0.0800000000745	14.2000000002	0	13	13	65	66	11	11	26	35	31	-0.487341772152	0.980769230769	True
exc_1_beta_0.1	0.089999999851	14.1599999997	0	13	13	65	66	11	11	26	36	30	-0.487341772152	1.0	True
exc_2_beta_0.1	0.0800000000745	14.26	0	13	13	65	66	11	11	26	36	30	-0.487341772152	1.0	True
exc_3_beta_0.1	0.0500000000466	14.0699999998	0	13	13	65	66	11	11	26	36	30	-0.487341772152	1.0	True
exc_4_beta_0.1	0.0800000000745	14.28	0	13	13	65	66	11	11	26	36	30	-0.487341772152	1.0	True
exc_5_beta_0.1	0.0800000000745	14.2699999998	0	13	13	65	66	11	11	26	36	30	-0.487341772152	1.0	True
exc_6_beta_0.1	0.0800000000745	15.0000000002	0	13	13	65	66	11	11	26	36	30	-0.487341772152	1.0	True
exc_7_beta_0.1	0.0600000000559	14.6799999999	0	13	13	65	65	11	11	26	34	31	-0.481012658228	0.974358974359	True
exc_8_beta_0.1	0.0900000000838	12.8	0	13	13	65	66	11	11	26	36	30	-0.487341772152	1.0	True
exc_9_beta_0.1	0.0799999998417	12.6099999999	0	13	13	65	66	11	11	26	36	30	-0.487341772152	1.0	True
exc_10_beta_0.1	0.0500000000466	13.7100000002	0	13	13	65	65	11	11	26	36	29	-0.481012658228	0.967948717949	True
exc_11_beta_0.1	0.209999999963	11.75	0	13	13	65	66	11	11	26	36	30	-0.487341772152	1.0	True
exc_0_beta_0.05	0.279999999795	11.5799999998	0	13	13	65	66	11	11	26	35	31	-0.487341772152	0.980769230769	True
exc_1_beta_0.05	0.0799999998417	12.2099999997	0	13	13	65	66	11	11	26	36	30	-0.487341772152	1.0	True
exc_2_beta_0.05	0.0300000000279	12.6100000001	0	13	13	65	66	11	11	26	36	30	-0.487341772152	1.0	True
exc_3_beta_0.05	0.0699999998324	12.1599999999	0	13	13	65	66	11	11	26	36	30	-0.487341772152	1.0	True
exc_4_beta_0.05	0.0700000000652	12.1600000001	0	13	13	65	66	11	11	26	36	30	-0.487341772152	1.0	True
exc_5_beta_0.05	0.0699999998324	12.1299999999	0	13	13	65	66	11	11	26	36	30	-0.487341772152	1.0	True
exc_6_beta_0.05	0.0500000000466	12.1700000002	0	13	13	65	66	11	11	26	36	30	-0.487341772152	1.0	True
exc_7_beta_0.05	0.0500000000466	12.1299999999	0	13	13	65	65	11	11	26	34	31	-0.481012658228	0.974358974359	True
exc_8_beta_0.05	0.0800000000745	12.1899999999	0	13	13	65	66	11	11	26	36	30	-0.487341772152	1.0	True
exc_9_beta_0.05	0.0800000000745	13.2400000002	0	13	13	65	66	11	11	26	36	30	-0.487341772152	1.0	True
exc_10_beta_0.05	0.0500000000466	12.6199999999	0	13	13	65	65	11	11	26	36	29	-0.481012658228	0.967948717949	True
exc_11_beta_0.05	0.0700000000652	12.6900000002	0	13	13	65	66	11	11	26	36	30	-0.487341772152	1.0	True
exc_0_beta_0.0	0.0400000000373	2.2100000002	0	13	14	65	67	11	11	26	36	31	-0.664556962025	0.973214285714	True
exc_1_beta_0.0	0.0500000000466	1.45000000019	0	13	14	65	67	11	11	26	36	31	-0.664556962025	1.0	True
exc_2_beta_0.0	0.0500000000466	0.729999999981	0	13	14	65	68	11	11	26	37	31	-0.670886075949	1.0	True
exc_3_beta_0.0	0.0600000000559	0.580000000075	0	13	14	65	69	11	11	26	37	32	-0.677215189873	0.988095238095	True
exc_4_beta_0.0	0.0699999998324	4.84999999986	0	13	14	65	67	11	11	26	36	31	-0.664556962025	1.0	True
exc_5_beta_0.0	0.0700000000652	2.44999999995	0	13	14	65	67	11	11	26	36	31	-0.664556962025	1.0	True
exc_6_beta_0.0	0.0700000000652	8.46999999974	0	13	14	65	68	11	11	26	36	32	-0.670886075949	0.982142857143	True
exc_7_beta_0.0	0.0700000000652	0.689999999944	0	13	14	65	68	11	11	26	36	32	-0.670886075949	0.97619047619	True
exc_8_beta_0.0	0.0500000000466	9.15999999992	0	13	14	65	67	11	11	26	36	31	-0.664556962025	0.982142857143	True
exc_9_beta_0.0	0.0600000000559	5.32000000007	0	13	14	65	68	11	11	26	37	31	-0.670886075949	1.0	True
exc_10_beta_0.0	0.0499999998137	2.8899999999	0	13	14	65	67	11	11	26	36	31	-0.664556962025	0.982142857143	True
exc_11_beta_0.0	0.0500000000466	0.860000000102	0	13	14	65	68	11	11	26	37	31	-0.670886075949	1.0	True
