info	GenerationTime	ExecutionTime	NumVariables	NumClauses	DimensionFormula	PlanTime	NumRoles(Before)	NumRoles(After)	NumZeros(Before)	NumZeros(After)	ResultCompliance
exc_0_w_0.0	0.0500000007451	6.25	686	3388	55743	0	True
exc_1_w_0.0	0.0299999993294	5.99999999814	686	3388	55743	0	True
exc_2_w_0.0	0.0299999993294	5.95000000112	686	3388	55743	0	True
exc_3_w_0.0	0.0299999993294	7.06999999844	686	3388	55743	0	True
exc_4_w_0.0	0.0500000007451	6.91000000015	686	3388	55757	0	True
exc_5_w_0.0	0.0499999988824	6.38000000082	686	3388	55743	0	True
exc_6_w_0.0	0.0300000011921	7.15000000037	686	3388	55757	0	True
exc_7_w_0.0	0.0500000007451	6.08000000007	686	3388	55734	0	True
exc_8_w_0.0	0.0300000011921	7.44999999925	686	3388	55743	0	True
exc_9_w_0.0	0.0500000007451	7.22000000067	686	3388	55757	0	True
exc_10_w_0.0	0.0800000000745	10.2700000014	686	3388	55743	0	True
exc_11_w_0.0	0.0500000007451	12.1000000015	686	3388	55756	0	True
exc_0_w_0.05	0.089999999851	8.5700000003	686	3388	55462	0	True
exc_1_w_0.05	0.0499999988824	5.75999999978	686	3388	55462	0	True
exc_2_w_0.05	0.0299999993294	6.70999999903	686	3388	55462	0	True
exc_3_w_0.05	0.0399999991059	7.13999999873	686	3388	55462	0	True
exc_4_w_0.05	0.0300000011921	6.23000000231	686	3388	55476	0	True
exc_5_w_0.05	0.0400000009686	7.53999999911	686	3388	55462	0	True
exc_6_w_0.05	0.0299999993294	7.09999999963	686	3388	55476	0	True
exc_7_w_0.05	0.0299999993294	5.52999999933	686	3388	55453	0	True
exc_8_w_0.05	0.0499999988824	6.42999999784	686	3388	55462	0	True
exc_9_w_0.05	0.0399999991059	7.06000000052	686	3388	55476	0	True
exc_10_w_0.05	0.0500000007451	7.43999999948	686	3388	55462	0	True
exc_11_w_0.05	0.0499999988824	9.41000000015	686	3388	55475	0	True
exc_0_w_0.1	0.0600000005215	197.869999999	686	3388	55771	0	True
exc_1_w_0.1	0.0599999986589	93.6399999987	686	3388	55771	0	True
exc_2_w_0.1	0.0599999986589	103.799999999	686	3388	55771	0	True
exc_3_w_0.1	0.0300000011921	144.17	686	3388	55771	0	True
exc_4_w_0.1	0.0599999986589	182.27	686	3388	55785	0	True
exc_5_w_0.1	0.0599999986589	112.069999998	686	3388	55771	0	True
exc_6_w_0.1	0.0599999986589	211.16	686	3388	55785	0	True
exc_7_w_0.1	0.0400000009686	408.640000002	686	3388	55762	0	True
exc_8_w_0.1	0.0400000009686	129.93	686	3388	55771	0	True
exc_9_w_0.1	0.0400000009686	312.199999999	686	3388	55785	0	True
exc_10_w_0.1	0.0600000005215	208.379999999	686	3388	55771	0	True
exc_11_w_0.1	0.0600000005215	156.99	686	3388	55784	0	True
exc_0_w_0.15	0.0600000005215	2239.02	686	3388	55771	0	True
exc_1_w_0.15	0.0400000009686	14186.34	686	3388	55771	0	True
exc_2_w_0.15	0.0600000005215	6794.27	686	3388	55771	0	True
exc_3_w_0.15	0.0299999993294	5892.98	686	3388	55771	0	True
exc_4_w_0.15	0.0299999993294	14137.86	686	3388	55785	False
exc_5_w_0.15	0.0400000009686	14143.41	686	3388	55771	False
exc_6_w_0.15	0.070000000298	13484.26	686	3388	55785	False
exc_7_w_0.15	0.0600000005215	13192.84	686	3388	55762	False
exc_8_w_0.15	0.0400000009686	6072.41	686	3388	55771	0	True
exc_9_w_0.15	0.0200000014156	12526.95	686	3388	55785	False
exc_10_w_0.15	0.0400000009686	6607.42	686	3388	55771	0	True
exc_11_w_0.15	0.0399999991059	5341.23	686	3388	55784	0	True
exc_0_w_0.2	0.0400000009686	12038.21	686	3388	55771	False
exc_1_w_0.2	0.0299999993294	10014.7	686	3388	55771	False
exc_2_w_0.2	0.0400000009686	10231.05	686	3388	55771	False
exc_3_w_0.2	0.0299999993294	10175.01	686	3388	55771	False
exc_4_w_0.2	0.0399999991059	9528.14	686	3388	55785	False
exc_5_w_0.2	0.0500000007451	9791.42	686	3388	55771	False
exc_6_w_0.2	0.0400000009686	9814.0	686	3388	55785	False
exc_7_w_0.2	0.0299999993294	9620.72	686	3388	55762	False
exc_8_w_0.2	0.0400000009686	10036.33	686	3388	55771	False
