info	GenerationTime	ExecutionTime	NumVariables	NumClauses	DimensionFormula	PlanTime	NumRoles(Before)	NumRoles(After)	NumZeros(Before)	NumZeros(After)	ResultCompliance
exc_0_w_0.0	0.070000000298	9.09999999963	686	3388	55743	0	True
exc_1_w_0.0	0.0499999988824	8.28000000119	686	3388	55743	0	True
exc_2_w_0.0	0.0600000005215	8.66999999993	686	3388	55743	0	True
exc_3_w_0.0	0.0600000005215	7.69000000134	686	3388	55743	0	True
exc_4_w_0.0	0.0600000005215	8.41000000015	686	3388	55757	0	True
exc_5_w_0.0	0.0600000005215	7.91999999993	686	3388	55743	0	True
exc_6_w_0.0	0.0600000005215	8.50999999978	686	3388	55757	0	True
exc_7_w_0.0	0.0600000005215	8.45000000112	686	3388	55734	0	True
exc_8_w_0.0	0.0600000005215	8.31000000052	686	3388	55743	0	True
exc_9_w_0.0	0.0400000009686	8.8900000006	686	3388	55757	0	True
exc_10_w_0.0	0.070000000298	8.94000000134	686	3388	55743	0	True
exc_11_w_0.0	0.0600000005215	7.91999999993	686	3388	55756	0	True
exc_0_w_0.05	0.0599999986589	9.52999999933	686	3388	55462	0	True
exc_1_w_0.05	0.0600000005215	9.87000000291	686	3388	55462	0	True
exc_2_w_0.05	0.0600000005215	10.0700000003	686	3388	55462	0	True
exc_3_w_0.05	0.070000000298	10.2400000002	686	3388	55462	0	True
exc_4_w_0.05	0.0599999986589	9.78000000119	686	3388	55476	0	True
exc_5_w_0.05	0.0600000005215	10.4300000016	686	3388	55462	0	True
exc_6_w_0.05	0.0400000009686	9.56000000052	686	3388	55476	0	True
exc_7_w_0.05	0.0499999988824	10.9299999978	686	3388	55453	0	True
exc_8_w_0.05	0.0399999991059	9.43999999948	686	3388	55462	0	True
exc_9_w_0.05	0.0399999991059	9.74000000022	686	3388	55476	0	True
exc_10_w_0.05	0.0399999991059	9.73999999836	686	3388	55462	0	True
exc_11_w_0.05	0.0399999991059	8.76999999955	686	3388	55475	0	True
exc_0_w_0.1	0.0600000005215	301.420000002	686	3388	55771	0	True
exc_1_w_0.1	0.0600000005215	117.82	686	3388	55771	0	True
exc_2_w_0.1	0.0600000005215	118.249999998	686	3388	55771	0	True
exc_3_w_0.1	0.0400000009686	263.790000001	686	3388	55771	0	True
exc_4_w_0.1	0.0500000007451	312.010000002	686	3388	55785	0	True
exc_5_w_0.1	0.070000000298	346.84	686	3388	55771	0	True
exc_6_w_0.1	0.0699999984354	827.279999999	686	3388	55785	0	True
exc_7_w_0.1	0.070000000298	650.74	686	3388	55762	0	True
exc_8_w_0.1	0.0400000009686	79.9700000007	686	3388	55771	0	True
exc_9_w_0.1	0.0400000009686	202.33	686	3388	55785	0	True
exc_10_w_0.1	0.0300000011921	193.060000001	686	3388	55771	0	True
exc_11_w_0.1	0.0500000007451	128.85	686	3388	55784	0	True
exc_0_w_0.15	0.0400000009686	6360.39	686	3388	55771	0	True
exc_1_w_0.15	0.0200000014156	15544.21	686	3388	55771	0	True
exc_2_w_0.15	0.0400000009686	11166.41	686	3388	55771	0	True
exc_3_w_0.15	0.0500000007451	11085.53	686	3388	55771	0	True
exc_4_w_0.15	0.0299999993294	14144.45	686	3388	55785	False
exc_5_w_0.15	0.0500000007451	13623.77	686	3388	55771	False
exc_6_w_0.15	0.0500000007451	13182.53	686	3388	55785	False
exc_7_w_0.15	0.0500000007451	12980.94	686	3388	55762	False
exc_8_w_0.15	0.0299999993294	8992.57	686	3388	55771	0	True
exc_9_w_0.15	0.0399999991059	12783.59	686	3388	55785	False
exc_10_w_0.15	0.0400000009686	11487.81	686	3388	55771	False
exc_11_w_0.15	0.019999999553	8380.52	686	3388	55784	0	True
exc_0_w_0.2	0.0300000011921	10223.8	686	3388	55771	False
exc_1_w_0.2	0.0100000016391	10139.83	686	3388	55771	False
exc_2_w_0.2	0.0300000011921	9547.28	686	3388	55771	False
exc_3_w_0.2	0.0499999988824	9798.77	686	3388	55771	False
exc_4_w_0.2	0.0399999991059	9798.36	686	3388	55785	False
exc_5_w_0.2	0.0200000014156	9631.29	686	3388	55771	False
exc_6_w_0.2	0.0300000011921	10040.61	686	3388	55785	False
